0.000010 0.309562 0.309474 -0.000088 
0.000020 0.309562 0.309476 -0.000086 
0.000050 0.309562 0.309481 -0.000081 
0.000100 0.309562 0.309489 -0.000073 
0.000200 0.309562 0.309506 -0.000056 
0.000500 0.309562 0.309556 -0.000006 
0.001000 0.309562 0.309639 0.000077
0.002000 0.309562 0.309805 0.000244
0.005000 0.309562 0.310304 0.000743 
0.010000 0.309562 0.311133 0.001571 
0.020000 0.309562 0.312781 0.003219 
0.050000 0.309562 0.317648 0.008086 
0.100000 0.309562 0.325514 0.015953 
0.200000 0.309562 0.340420 0.030858 
0.500000 0.309562 0.379943 0.070382 
0.800000 0.309562 0.413920 0.104359 
1.000000 0.309562 0.434380 0.124818 
1.200000 0.309562 0.453474 0.143912 
1.500000 0.309562 0.480033 0.170471 

