t	Pre-Clamp(Aorta raw)	Post-Clamp
0.00	66.9253	141.725
0.01	67.2087	144.186
0.02	68.2752	145.424
0.03	70.5798	145.767
0.04	74.0032	145.185
0.05	78.6199	143.932
0.06	83.8631	142.269
0.07	89.4792	140.33
0.08	94.8268	138.078
0.09	99.7493	135.84
0.10	103.986	133.468
0.11	107.827	131.015
0.12	110.952	128.456
0.13	113.599	125.652
0.14	115.598	122.527
0.15	117.09	119.007
0.16	117.821	115.024
0.17	118.112	110.743
0.18	117.813	106.253
0.19	117.269	101.882
0.20	116.337	97.5939
0.21	115.233	93.7528
0.22	113.831	90.24
0.23	112.361	87.376
0.24	110.43	84.9147
0.25	108.528	82.901
0.26	106.007	81.3198
0.27	103.247	80.1861
0.28	100.055	79.2837
0.29	96.9599	78.7392
0.30	93.8349	78.2843
0.31	91.217	77.9636
0.32	88.7707	77.6056
0.33	86.8763	77.3221
0.34	85.2131	77.0089
0.35	83.8407	76.7106
0.36	82.446	76.2705
0.37	81.3347	75.8529
0.38	80.2085	75.2562
0.39	79.4179	74.7863
0.40	78.6423	74.3314
0.41	78.0009	73.7645
0.42	77.3893	73.0933
0.43	76.9343	72.4444
0.44	76.3899	71.8105
0.45	75.7559	71.1392
0.46	75.1965	70.5649
0.47	74.7341	69.8116
0.48	74.13	69.215
0.49	73.5706	68.7451
0.50	72.9963	68.9166
0.51	72.4593	70.0354
0.52	71.7881	72.5563
0.53	71.3033	76.7702
0.54	70.7887	82.4609
0.55	70.289	89.509
0.56	69.6252	97.3104
0.57	69.1329	105.574
0.58	68.842	113.711
0.59	69.4312	121.192
0.60	70.8856	127.852
0.61	73.5632	133.371
0.62	77.5011	137.697
0.63	82.4982	140.919
0.64	87.913	143.142
0.65	93.5142	144.246
0.66	98.6977	144.619
0.67	103.396	144.149
0.68	107.379	143.06
0.69	110.877	141.576
0.70	113.622	139.726
0.71	116.068	137.638
0.72	117.679	135.348
0.73	118.835	132.782
0.74	119.178	129.896
0.75	119.066	126.913
0.76	118.432	123.571
0.77	117.634	119.946
0.78	116.448	115.919
0.79	115.076	111.623
0.80	113.48	107.327
0.81	111.675	102.904
0.82	109.564	98.7499
0.83	107.155	94.8343
0.84	104.359	91.4631
0.85	101.323	88.45
0.86	98.0637	85.8843
0.87	94.9387	83.878
0.88	91.9852	82.0283
0.89	89.6135	80.6784
0.90	87.5773	79.6342
0.91	85.8321	78.8586
0.92	84.1763	78.2022
0.93	82.8338	77.6801
0.94	81.5585	77.1655
0.95	80.3875	76.5689
0.96	79.3806	75.9946
0.97	78.5826	75.4128
0.98	77.7846	74.846
0.99	77.1954	74.2568
1.00	76.5316	73.675
1.01	75.8752	73.0485
1.02	75.1369	72.3474
1.03	74.5253	71.6464
1.04	73.8242	70.9975
1.05	73.2723	70.3262
1.06	72.5563	69.6326
1.07	71.9894	68.9837
1.08	71.3406	68.4095
1.09	70.7365	67.7531
1.10	70.0503	67.231
1.11	69.394	66.7537
1.12	68.7227	66.5822
1.13	68.2305	66.8059
1.14	67.6412	67.9023
1.15	67.1043	70.1696
1.16	66.8805	73.9062
1.17	67.246	79.1047
1.18	68.2827	85.7351
1.19	70.5052	93.2531
1.20	73.8466	101.166
1.21	78.3216	108.908
1.22	83.259	116.202
1.23	88.5022	122.661
1.24	93.4097	128.121
1.25	97.8624	132.476
1.26	101.606	135.683
1.27	104.851	137.809
1.28	107.364	138.853
1.29	109.438	138.92
1.30	110.825	138.279
1.31	111.72	136.899
1.32	111.936	135.139
1.33	111.705	132.976
1.34	111.011	130.597
1.35	110.019	128.009
1.36	108.737	125.145
1.37	107.275	122.191
1.38	105.507	118.865
1.39	103.471	115.352
1.40	101.047	111.295
1.41	98.2651	107.111
1.42	95.1848	102.77
1.43	92.1195	98.5485
1.44	89.0019	94.521
1.45	86.4511	90.762
1.46	84.0868	87.5251
1.47	82.1999	84.6238
1.48	80.574	82.1104
1.49	79.2539	80.0668
1.50	77.9934	78.426
1.51	77.0238	77.0835
1.52	75.9871	76.1363
1.53	75.1965	75.4128
1.54	74.488	74.8087
1.55	74.0629	74.3687
1.56	73.5632	73.9286
1.57	73.235	73.6527
1.58	72.7949	73.2723
1.59	72.3624	72.8397
1.60	71.9	72.3922
1.61	71.5196	71.9
1.62	70.9975	71.445
1.63	70.5202	71.0124
1.64	69.9906	70.5276
1.65	69.5953	70.0428
1.66	69.0658	69.4238
1.67	68.5735	68.8122
1.68	67.9172	68.1857
1.69	67.41	67.5592
1.70	66.7463	66.9625
1.71	66.3137	66.254
1.72	65.7021	65.7543
1.73	65.3292	65.2024
1.74	65.083	64.643
1.75	65.3515	64.3074
1.76	66.1869	64.4342
1.77	68.0589	65.3888
1.78	70.8632	67.231
1.79	74.7416	70.5798
1.80	79.2315	75.4949
1.81	84.1167	81.6927
1.82	88.7259	88.8825
1.83	93.0517	96.6839
1.84	96.7287	104.448
1.85	99.7493	111.809
1.86	102.136	118.544
1.87	104.023	124.22
1.88	105.254	128.971
1.89	106.081	132.379
1.90	106.193	134.699
1.91	105.947	135.93
1.92	105.022	136.183
1.93	103.963	135.542
1.94	102.509	134.259
1.95	100.95	132.506
1.96	98.9662	130.291
1.97	96.7362	127.837
1.98	94.0512	125.242
1.99	91.2841	122.497
2.00	88.1815	119.462
2.01	85.3398	116.098
2.02	82.7667	112.451
2.03	80.5814	108.371
2.04	78.6945	104.127
2.05	77.2177	99.7642
2.06	75.9498	95.5055
2.07	74.9206	91.5079
2.08	73.7869	87.9801
2.09	72.9217	84.7879
2.10	72.0566	82.0806
2.11	71.4375	79.8505
2.12	70.7439	77.9114
2.13	70.3486	76.4719
2.14	69.8042	75.3382
2.15	69.4462	74.3687
2.16	68.9465	73.7496
2.17	68.7003	73.2723
2.18	68.2305	72.9516
2.19	67.865	72.5414
2.20	67.3802	72.3251
2.21	67.0595	72.0118
2.22	66.6195	71.6986
2.23	66.1943	71.266
2.24	65.7319	70.9304
2.25	65.2546	70.5127
2.26	64.74	70.0428
2.27	64.3447	69.5133
2.28	63.8002	69.0807
2.29	63.3975	68.4915
2.30	62.9723	67.9992
2.31	62.7635	67.4324
2.32	62.6218	66.9178
2.33	63.0395	66.3883
2.34	64.0911	65.7319
2.35	66.2838	65.1949
2.36	69.5282	64.6579
2.37	73.7944	64.2104
2.38	78.4782	64.0463
2.39	83.5275	64.3298
2.40	88.1442	65.3888
2.41	92.3208	67.604
2.42	95.8934	71.348
2.43	98.9513	76.5241
2.44	101.345	83.0427
2.45	103.314	90.5532
2.46	104.635	98.2875
2.47	105.425	106.007
2.48	105.597	113.45
2.49	105.321	119.991
2.50	104.53	125.622
2.51	103.575	130.202
2.52	102.143	133.662
2.53	100.614	135.93
2.54	98.7275	137.265
2.55	96.7212	137.533
2.56	94.081	137.093
2.57	91.3363	135.967
2.58	88.3083	134.348
2.59	85.4368	132.335
2.60	82.7518	130.075
2.61	80.5069	127.546
2.62	78.4484	124.787
2.63	76.9492	121.818
2.64	75.5098	118.537
2.65	74.3537	114.957
2.66	73.3767	111.004
2.67	72.4146	106.768
2.68	71.5867	102.315
2.69	71.0124	97.9369
2.70	70.4307	93.7901
2.71	70.0876	89.8297
2.72	69.6997	86.4213
2.73	69.4312	83.4454
2.74	69.0509	80.9767
2.75	68.7525	78.866
2.76	68.3498	77.2177
2.77	67.9843	75.8827
2.78	67.4995	74.8982
2.79	67.149	74.0927
2.80	66.6568	73.5557
2.81	66.2913	73.1455
2.82	65.7692	72.8472
2.83	65.3515	72.4146
2.84	64.8071	72.0864
2.85	64.4193	71.6986
2.86	63.9345	71.363
2.87	63.5093	70.9229
2.88	63.1215	70.4903
2.89	63.0171	70.0205
2.90	63.0022	69.6252
2.91	63.5765	69.0658
2.92	64.822	68.6034
2.93	67.2161	68.0291
2.94	70.4978	67.5145
2.95	74.8385	66.9253
2.96	79.6119	66.4852
2.97	84.7581	65.8513
2.98	89.4792	65.3739
2.99	94.0512	64.8071
3.00	97.8325	64.5013
3.01	101.219	64.4267
3.02	103.986	64.9786
3.03	106.275	66.351
3.04	107.842	69.1702
3.05	108.841	73.3618
3.06	109.057	79.1793
3.07	108.826	86.205
3.08	108.095	93.999
3.09	107.155	101.882
3.10	105.858	109.766
3.11	104.448	116.918
3.12	102.74	123.377
3.13	100.831	128.777
3.14	98.4143	133.155
3.15	95.8337	136.161
3.16	92.8355	138.152
3.17	89.867	138.973
3.18	86.9061	139.025
3.19	84.3852	138.137
3.20	82.0731	136.847
3.21	80.3055	134.938
3.22	78.7616	132.812
3.23	77.5235	130.321
3.24	76.2482	127.89
3.25	75.2487	125.123
3.26	74.3015	122.348
3.27	73.4214	119.156
3.28	72.6532	115.829
3.29	72.1013	112.011
3.30	71.527	107.983
3.31	71.0795	103.732
3.32	70.5575	99.5256
3.33	70.1249	95.4459
3.34	69.6326	91.6645
3.35	69.118	88.0994
3.36	68.6108	85.1907
3.37	68.1932	82.543
3.38	67.6338	80.3428
3.39	67.1565	78.4782
3.40	66.6418	76.994
3.41	66.2316	75.8752
3.42	65.717	74.9877
3.43	65.277	74.3239
3.44	64.8071	73.8167
3.45	64.285	73.317
3.46	63.9046	73.056
3.47	63.7331	72.6085
3.48	63.7778	72.3997
3.49	64.4267	71.982
3.50	65.8438	71.6911
3.51	68.499	71.2735
3.52	72.1834	70.9453
3.53	76.8597	70.4829
3.54	81.9985	70.0279
3.55	87.2939	69.5655
3.56	92.112	69.1404
3.57	96.5944	68.6257
3.58	100.398	68.0813
3.59	103.672	67.4623
3.60	106.357	67.0371
3.61	108.543	66.3733
3.62	110.012	66.0153
3.63	111.071	65.6872
3.64	111.377	65.9184
3.65	111.175	66.7537
3.66	110.564	68.9837
3.67	109.706	72.519
3.68	108.498	77.9188
3.69	107.267	84.4374
3.70	105.664	92.1642
3.71	103.986	100.346
3.72	101.793	108.505
3.73	99.4137	116.187
3.74	96.6094	123.295
3.75	93.6633	129.314
3.76	90.6278	134.408
3.77	87.8458	138.204
3.78	85.2951	140.979
3.79	83.3112	142.456
3.80	81.4541	143.045
3.81	80.0594	142.732
3.82	78.7019	141.814
3.83	77.613	140.255
3.84	76.3973	138.331
3.85	75.4352	136.116
3.86	74.5626	133.908
3.87	73.9659	131.358
3.88	73.3543	128.628
3.89	72.9068	125.682
3.90	72.4071	122.639
3.91	72.064	119.268
3.92	71.542	115.621
3.93	71.2362	111.489
3.94	70.7066	107.2
3.95	70.3486	102.703
3.96	69.8937	98.4814
3.97	69.476	94.5732
3.98	68.9614	91.2617
3.99	68.5213	88.1218
4.00	68.0291	85.7053
4.01	67.4697	83.4902
4.02	66.9849	81.8121
4.03	66.6418	80.2384
4.04	66.1496	79.1644
4.05	65.9184	78.2171
4.06	66.1123	77.5384
4.07	67.0371	76.9641
4.08	68.8719	76.5166
4.09	72.0864	75.8976
4.10	76.3004	75.5172
4.11	81.5659	74.9877
4.12	86.9881	74.6222
4.13	92.4551	74.0778
4.14	97.2657	73.7794
4.15	101.703	73.414
4.16	105.425	73.0858
4.17	108.655	72.698
4.18	111.287	72.3997
4.19	113.458	71.9
4.20	114.89	71.4972
4.21	115.844	70.9602
4.22	116.135	70.5649
4.23	116.053	69.9906
4.24	115.374	69.4462
4.25	114.591	68.8793
4.26	113.45	68.6705
4.27	112.167	68.8942
4.28	110.624	70.3113
4.29	108.871	72.9516
4.30	106.812	77.4191
4.31	104.418	83.3037
4.32	101.584	90.7546
4.33	98.5336	98.8767
4.34	95.3787	107.446
4.35	92.4029	115.718
4.36	89.5911	123.474
4.37	87.3163	130.276
4.38	85.3548	136.094
4.39	83.6841	140.74
4.40	82.3416	144.156
4.41	81.014	146.259
4.42	79.7834	147.483
4.43	78.7691	147.408
4.44	77.8517	146.819
4.45	77.1431	145.379
4.46	76.5017	143.746
4.47	75.9797	141.643
4.48	75.383	139.517
4.49	74.8907	137.086
4.50	74.4656	134.744
4.51	73.9659	132.096
4.52	73.3245	129.493
4.53	72.8472	126.48
4.54	72.2505	123.385
4.55	71.7955	119.73
4.56	71.1467	115.807
4.57	70.6842	111.474
4.58	70.0205	107.163
4.59	69.5282	102.792
4.60	69.036	98.8245
4.61	68.5139	95.1923
4.62	68.0738	92.1418
4.63	67.9843	89.3673
4.64	68.0738	87.0553
4.65	69.0658	85.0117
4.66	70.9826	83.3708
4.67	74.2046	82.0806
4.68	78.5826	81.1781
4.69	83.7065	80.4248
4.70	89.2256	79.94
4.71	94.6478	79.3508
4.72	99.5778	78.9182
4.73	104.03	78.4931
4.74	107.767	78.1649
4.75	111.064	77.6578
4.76	113.659	77.076
4.77	115.904	76.4495
4.78	117.351	75.823
4.79	118.306	75.0101
4.80	118.537	74.4731
4.81	118.455	73.7347
4.82	117.813	73.1082
4.83	117.015	72.4444
4.84	115.77	71.7955
4.85	114.412	71.1467
4.86	112.652	70.5649
4.87	110.892	69.931
4.88	108.759	69.476
4.89	106.447	69.2224
4.90	103.635	69.6923
4.91	100.57	71.1914
4.92	97.2955	74.2941
4.93	94.2973	78.8959
4.94	91.4482	85.2354
4.95	89.0466	92.746
4.96	87.003	101.107
4.97	85.3548	109.468
4.98	83.8258	117.619
4.99	82.5504	125.04
5.00	81.193	131.693
5.01	80.1936	137.115
5.02	79.2539	141.389
5.03	78.5677	144.186
5.04	77.9785	146.103
5.05	77.5459	146.759
5.06	77.0164	146.737
5.07	76.539	145.804
5.08	76.0095	144.372
5.09	75.4352	142.485
5.10	74.7565	140.337
5.11	74.13	138.033
5.12	73.593	135.572
5.13	73.0262	132.864
5.14	72.3698	130.075
5.15	71.6911	127.039
5.16	70.9378	123.75
5.17	70.3412	120.111
5.18	69.6102	116.143
5.19	69.0136	111.914
5.20	68.3647	107.521
5.21	67.9992	103.091
5.22	67.8426	98.9289
5.23	68.4244	94.9909
5.24	69.8042	91.6197
5.25	72.4593	88.6737
5.26	76.1139	86.0857
5.27	80.9245	83.9004
5.28	86.1528	82.0433
5.29	91.5302	80.5665
5.30	96.5497	79.5
5.31	101.092	78.5229
5.32	104.888	77.8517
5.33	108.215	77.3371
5.34	110.862	76.8001
5.35	112.973	76.278
5.36	114.36	75.8678
5.37	115.248	75.3233
5.38	115.442	74.9728
5.39	115.151	74.4954
5.40	114.435	74.0778
5.41	113.45	73.5035
5.42	112.1	73.0634
5.43	110.638	72.5115
5.44	108.96	71.9745
5.45	107.021	71.2063
5.46	104.649	70.5873
5.47	102.002	69.8415
5.48	98.8991	69.2373
5.49	95.6994	68.499
5.50	92.5073	68.0365
5.51	89.6508	67.4995
5.52	87.1075	67.507
5.53	84.9371	67.9396
5.54	82.9905	69.4984
5.55	81.5883	72.3176
5.56	80.0221	76.7926
5.57	78.8809	82.6026
5.58	77.7696	89.7775
5.59	76.7628	97.5118
5.60	75.8902	105.544
5.61	75.2637	113.122
5.62	74.6968	120.282
5.63	74.2269	126.249
5.64	73.675	131.38
5.65	73.2872	135.191
5.66	72.8248	137.936
5.67	72.3102	139.495
5.68	71.8403	140.076
5.69	71.3331	139.711
5.70	70.7961	138.674
5.71	70.3113	137.138
5.72	69.6252	135.169
5.73	69.1702	132.767
5.74	68.4169	130.291
5.75	67.9172	127.45
5.76	67.2534	124.496
5.77	66.6717	121.274
5.78	66.0004	117.776
5.79	65.5305	113.778
5.80	65.1725	109.587
5.81	65.3143	105.045
5.82	66.0303	100.719
5.83	67.768	96.4826
5.84	70.5351	92.6341
5.85	74.3164	89.151
5.86	78.7243	86.1379
5.87	83.5126	83.5051
5.88	88.1367	81.3869
5.89	92.5073	79.5298
5.90	96.2141	78.2992
5.91	99.4062	77.0611
5.92	101.905	76.2407
5.93	103.978	75.5545
5.94	105.395	75.1667
5.95	106.283	74.6521
5.96	106.536	74.2419
5.97	106.342	73.772
5.98	105.619	73.496
5.99	104.62	72.877
6.00	103.247	72.5787
6.01	101.741	72.1013
6.02	99.8314	71.7359
6.03	97.7505	71.2585
6.04	95.2221	70.8931
6.05	92.4551	70.2442
6.06	89.3972	69.8116
6.07	86.563	69.215
6.08	83.6916	68.7152
6.09	81.4839	68.141
6.10	79.4403	67.604
6.11	77.9188	66.9178
6.12	76.5539	66.5076
6.13	75.3606	65.9557
6.14	74.2195	65.7841
6.15	73.3021	65.9855
6.16	72.3922	67.1415
6.17	71.7732	69.3716
6.18	71.087	73.2275
6.19	70.6022	78.5453
6.20	70.0727	85.2876
6.21	69.6625	92.8205
6.22	69.215	100.771
6.23	68.8942	108.528
6.24	68.4691	115.874
6.25	68.0962	122.415
6.26	67.5592	128.143
6.27	67.2161	132.506
6.28	66.7537	135.773
6.29	66.2764	137.772
6.30	65.8438	138.809
6.31	65.4112	138.794
6.32	64.822	138.115
6.33	64.4193	136.623
6.34	63.9046	134.96
6.35	63.5541	132.685
6.36	63.0991	130.261
6.37	62.7933	127.487
6.38	62.6442	124.668
6.39	62.853	121.468
6.40	63.5914	118.03
6.41	65.3292	114.233
6.42	68.0067	110.221
6.43	71.8179	105.768
6.44	76.2929	101.413
6.45	81.2452	97.1314
6.46	85.8545	93.089
6.47	90.2772	89.4792
6.48	93.8945	86.3243
6.49	97.0718	83.5498
6.50	99.5479	81.2751
6.51	101.718	79.3732
6.52	103.046	77.8815
6.53	104.083	76.6061
6.54	104.441	75.8081
6.55	104.194	75.0324
6.56	103.493	74.4731
6.57	102.494	73.9212
6.58	101.151	73.6303
6.59	99.6449	73.1604
6.60	97.8176	72.8322
6.61	95.7591	72.3549
6.62	93.2233	72.0044
6.63	90.5234	71.5494
6.64	87.5475	71.2362
6.65	84.7208	70.7066
6.66	82.0656	70.2442
6.67	79.7386	69.737
6.68	77.7174	69.3343
6.69	76.1437	68.7302
6.70	74.8311	68.2155
6.71	73.7422	67.5667
6.72	72.6905	67.0446
6.73	71.9447	66.433
6.74	71.2138	65.9109
6.75	70.7588	65.3814
6.76	70.2517	65.1651
6.77	69.7967	65.1353
6.78	69.3119	66.0079
6.79	68.9837	67.7755
6.80	68.4915	71.1317
6.81	68.1857	75.9498
6.82	67.7084	82.3043
6.83	67.4921	89.688
6.84	66.9849	97.6535
6.85	66.612	105.626
6.86	66.1869	113.488
6.87	65.8811	120.349
6.88	65.3814	126.525
6.89	64.9563	131.373
6.90	64.4043	135.191
6.91	63.9568	137.794
6.92	63.4273	139.368
6.93	62.9873	139.748
6.94	62.4876	139.428
6.95	62.1519	138.339
6.96	61.9804	136.78
6.97	62.2116	134.759
6.98	63.1215	132.544
6.99	65.0458	129.978
7.00	67.8948	127.367
7.01	71.9745	124.407
7.02	76.4495	121.349
7.03	81.4317	117.948
7.04	86.1975	114.315
7.05	90.6502	110.154
7.06	94.4688	105.873
7.07	97.7878	101.316
7.08	100.51	97.0494
7.09	102.74	92.8727
7.10	104.306	89.248
7.11	105.395	85.9962
7.12	105.805	83.3559
7.13	105.984	81.014
7.14	105.403	79.1494
7.15	104.635	77.6429
7.16	103.493	76.3973
7.17	102.33	75.4427
7.18	100.711	74.7565
7.19	99.0035	74.13
7.20	96.8257	73.7198
7.21	94.3047	73.3319
7.22	91.4407	73.0858
7.23	88.6588	72.6383
7.24	85.7873	72.4444
7.25	83.341	72.0044
7.26	81.0513	71.6613
7.27	79.3434	71.1243
7.28	77.8964	70.6544
7.29	76.815	70.1249
7.30	75.7708	69.6177
7.31	74.9952	69.0509
7.32	74.1002	68.5735
7.33	73.2574	67.9992
7.34	72.4146	67.5145
7.35	71.6986	66.7761
7.36	70.8782	66.2689
7.37	70.1696	65.6723
7.38	69.3865	65.277
7.39	68.7824	65.0458
7.40	68.1335	65.6424
7.41	67.5517	66.9775
7.42	66.9924	69.8042
7.43	66.5225	74.0405
7.44	66.075	79.94
7.45	65.6499	86.9508
7.46	65.262	94.8865
7.47	64.9413	102.934
7.48	64.4416	110.996
7.49	64.0613	118.321
7.50	63.5839	124.966
7.51	63.308	130.582
7.52	62.7933	135.005
7.53	62.5621	138.272
7.54	62.5472	140.434
7.55	63.0246	141.389
7.56	64.1657	141.658
7.57	66.5374	140.986
7.58	69.9235	139.875
7.59	74.4358	138.025
7.60	79.4478	136.116
7.61	84.6984	133.744
7.62	89.6508	131.402
7.63	94.26	128.658
7.64	98.0041	126.003
7.65	101.278	122.855
7.66	103.859	119.506
7.67	106.111	115.874
7.68	107.707	111.847
7.69	108.856	107.491
7.70	109.363	103.27
7.71	109.423	98.8469
7.72	108.848	94.8044
7.73	107.961	91.038
7.74	106.723	87.719
7.75	105.492	84.8551
7.76	103.926	82.4535
7.77	102.293	80.3353
7.78	100.212	78.7318
7.79	97.7952	77.4862
7.80	95.0431	76.5987
7.81	92.1418	75.7783
7.82	89.0466	75.204
7.83	86.2423	74.5849
7.84	83.7661	74.1971
7.85	81.7076	73.7571
7.86	79.9549	73.4737
7.87	78.5901	73.0187
7.88	77.4116	72.7054
7.89	76.3451	72.3698
7.90	75.3084	72.0566
7.91	74.3761	71.5792
7.92	73.496	71.2362
7.93	72.7054	70.6992
7.94	71.9596	70.3635
7.95	71.445	69.7967
7.96	70.9005	69.3492
7.97	70.4307	68.7749
7.98	69.9086	68.3498
7.99	69.558	67.768
8.00	69.021	67.3877
8.01	68.5735	67.1565
8.02	68.0216	67.5145
8.03	67.6711	68.6332
8.04	67.149	71.266
8.05	66.7388	75.1592
8.06	66.2167	80.9394
8.07	65.7618	87.8533
8.08	65.1502	95.871
8.09	64.725	104.023
8.10	64.3521	112.205
8.11	64.106	119.775
8.12	64.0911	126.644
8.13	64.9115	132.335
8.14	66.4479	137.198
8.15	69.2821	140.613
8.16	73.2126	143.015
8.17	78.2097	144.246
8.18	83.4902	144.678
8.19	88.808	144.246
8.20	93.6708	143.351
8.21	98.1234	141.777
8.22	101.793	139.994
8.23	104.948	137.779
8.24	107.618	135.534
8.25	109.803	132.931
8.26	111.302	130.41
8.27	112.339	127.39
8.28	112.615	124.272
8.29	112.563	120.782
8.30	111.914	116.993
8.31	111.205	112.943
8.32	110.116	108.707
8.33	108.856	104.284
8.34	107.424	100.16
8.35	105.828	96.2141
8.36	103.754	92.6863
8.37	101.524	89.4867
8.38	98.8394	86.8837
8.39	95.9754	84.6238
8.40	92.8131	82.804
8.41	89.9267	81.2303
8.42	87.1522	80.1041
8.43	84.8551	79.1494
8.44	82.9084	78.508
8.45	81.4913	77.8666
8.46	80.119	77.3296
8.47	78.9555	76.8448
8.48	77.7473	76.4421
8.49	76.7255	75.9573
8.50	75.7932	75.5769
8.51	74.9504	75.0996
8.52	74.309	74.6595
8.53	73.7347	74.1747
8.54	73.1828	73.7422
8.55	72.6905	73.1977
8.56	72.1834	72.7054
8.57	71.7657	72.0939
8.58	71.266	71.624
8.59	70.8558	70.9975
8.60	70.371	70.55
8.61	69.916	69.9906
8.62	69.3567	69.5953
8.63	68.9465	69.3417
8.64	68.3796	69.7072
8.65	67.8725	70.9304
8.66	67.3728	73.5408
8.67	67.0297	77.7398
8.68	66.5971	83.5424
8.69	66.2465	90.6576
8.70	66.3808	98.8394
8.71	67.2161	107.334
8.72	68.9465	115.785
8.73	72.1013	123.482
8.74	76.36	130.537
8.75	81.6181	136.295
8.76	87.2193	141.143
8.77	92.8131	144.589
8.78	97.7803	147.02
8.79	102.278	148.251
8.80	106.149	148.661
8.81	109.453	148.184
8.82	112.138	147.035
8.83	114.315	145.446
8.84	115.673	143.627
8.85	116.553	141.441
8.86	116.941	139.196
8.87	116.889	136.661
8.88	116.374	134.125
8.89	115.829	131.335
8.90	114.927	128.345
8.91	113.786	125.167
8.92	112.414	121.58
8.93	110.825	117.411
8.94	108.856	113.047
8.95	106.686	108.446
8.96	103.933	104.12
8.97	101.099	99.9283
8.98	97.9071	96.4005
8.99	94.8939	92.925
9.00	91.8808	90.1132
9.01	89.3673	87.4058
9.02	87.279	85.489
9.03	85.6233	83.7438
9.04	84.1391	82.2894
9.05	82.9905	81.1035
9.06	81.6778	80.1787
9.07	80.574	79.2016
9.08	79.4627	78.5751
9.09	78.7243	77.9337
9.10	77.9859	77.5534
9.11	77.5459	76.9343
9.12	76.9269	76.5912
9.13	76.3004	76.1587
9.14	75.5769	75.7112
9.15	75.0623	75.2413
9.16	74.4731	74.6968
9.17	74.1002	74.0778
9.18	73.6377	73.4289
9.19	73.2275	72.7204
9.20	72.5712	72.1386
9.21	72.0491	71.4077
9.22	71.348	70.7887
9.23	70.7663	70.11
9.24	70.11	69.6028
9.25	69.5506	69.2075
9.26	68.8271	69.3343
9.27	68.3796	70.0801
9.28	68.1335	72.2579
9.29	68.6407	75.9051
9.30	70.0279	81.3571
9.31	72.6383	88.0696
9.32	76.4719	95.9903
9.33	81.3273	104.187
9.34	86.6525	112.488
9.35	92.2612	120.312
9.36	97.3477	127.315
9.37	102.143	133.334
9.38	106.231	138.257
9.39	109.743	141.807
9.40	112.57	144.35
9.41	115.046	145.633
9.42	116.851	146.058
9.43	118.059	145.588
9.44	118.492	144.574
9.45	118.47	142.881
9.46	117.933	140.964
9.47	117.247	138.555
9.48	116.292	136.124
9.49	114.964	133.394
9.50	113.413	130.597
9.51	111.63	127.546
9.52	109.579	124.295
9.53	107.223	120.648
9.54	104.47	116.739
9.55	101.457	112.466
9.56	98.1756	108.006
9.57	94.9909	103.493
9.58	92.0598	99.1377
9.59	89.6358	94.9909
9.60	87.4505	91.4184
9.61	85.7948	88.2113
9.62	84.1465	85.571
9.63	82.7891	83.2813
9.64	81.4391	81.4615
9.65	80.1712	79.8953
9.66	78.9182	78.8138
9.67	77.889	77.8815
9.68	76.8597	77.3445
9.69	76.0244	76.6956
9.70	75.2711	76.278
9.71	74.6372	75.7559
9.72	73.9734	75.4203
9.73	73.3842	74.9952
9.74	72.6905	74.6073
9.75	72.0715	74.1076
9.76	71.5569	73.675
9.77	71.0646	73.0485
9.78	70.3561	72.5787
9.79	69.916	72.0417
9.80	69.2224	71.4823
9.81	68.6108	70.811
9.82	68.0589	70.1249
9.83	67.5219	69.3716
9.84	66.9327	68.8346
9.85	66.4703	68.2155
9.86	66.0079	67.7084
9.87	66.0079	67.1266
9.88	66.6344	67.1117
9.89	68.2901	67.507
9.90	70.99	68.8868
9.91	74.8534	71.4226
9.92	79.5149	75.6291
9.93	84.6835	81.3646
9.94	89.7104	88.3381
9.95	94.4241	96.0947
9.96	98.5112	104.209
9.97	102.002	111.951
9.98	104.858	119.148
9.99	107.305	125.361
10.00	109.087	130.582
10.01	110.273	134.699
10.02	110.75	137.623
10.03	110.758	139.442
10.04	110.228	140.226
10.05	109.4	140.226
10.06	108.274	139.368
10.07	107.036	137.854
10.08	105.537	135.922
10.09	103.665	133.453
10.10	101.457	130.843
10.11	98.9886	127.897
10.12	96.1246	124.765
10.13	93.1785	121.378
10.14	90.0386	117.679
10.15	87.2119	113.652
10.16	84.6686	109.43
10.17	82.6548	104.978
10.18	80.9394	100.614
10.19	79.4701	96.2961
10.20	78.0829	92.4625
10.21	76.9492	89.0093
10.22	75.644	86.1006
10.23	74.5626	83.5797
10.24	73.6899	81.469
10.25	72.8248	79.7163
10.26	72.1312	78.3365
10.27	71.5047	77.2326
10.28	70.8931	76.36
10.29	70.468	75.6664
10.30	69.931	75.107
10.31	69.4611	74.5775
10.32	68.9539	74.2419
10.33	68.5139	73.6899
10.34	68.0365	73.317
10.35	67.6785	72.7502
10.36	67.0968	72.3997
10.37	66.791	71.8403
10.38	66.2242	71.4674
10.39	65.7468	70.8856
10.40	65.1949	70.4978
10.41	64.7698	69.9533
10.42	64.2253	69.394
10.43	63.8897	68.7973
10.44	63.3975	68.2901
10.45	63.3154	67.6487
10.46	63.6585	67.149
10.47	64.8817	66.5747
10.48	67.0297	66.0079
10.49	70.4381	65.4933
10.50	74.5178	65.2695
10.51	79.3284	65.3068
10.52	84.2211	66.2018
10.53	88.808	68.0365
10.54	92.9026	71.4301
10.55	96.5273	76.2332
10.56	99.4211	82.5653
10.57	101.763	89.9192
10.58	103.575	97.8624
10.59	104.918	105.761
10.60	105.522	113.45
10.61	105.761	120.334
10.62	105.403	126.376
10.63	104.62	131.201
10.64	103.501	134.982
10.65	102.196	137.414
10.66	100.652	138.801
10.67	98.7797	139.181
10.68	96.5944	138.794
10.69	94.0586	137.645
10.70	91.2543	136.041
10.71	88.435	133.916
10.72	85.4443	131.626
10.73	82.9532	129.038
10.74	80.6859	126.368
10.75	78.9257	123.333
10.76	77.4116	120.118
10.77	76.2482	116.404
10.78	75.2786	112.488
10.79	74.2866	108.222
10.80	73.3842	103.904
10.81	72.4966	99.5181
10.82	71.7806	95.3787
10.83	71.1019	91.5228
10.84	70.3785	88.092
10.85	69.7892	85.1608
10.86	69.2373	82.6623
10.87	68.7451	80.4323
10.88	68.1857	78.7914
10.89	67.7606	77.3371
10.90	67.231	76.3004
10.91	66.8358	75.4277
10.92	66.3733	74.8162
10.93	65.9482	74.2642
10.94	65.4783	73.8391
10.95	65.098	73.3916