59.30
59.51
60.15
62.52
66.88
72.86
80.78
90.51
101.16
111.85
121.30
127.63
131.18
133.58
134.05
133.88
132.82
131.15
129.60
127.94
126.69
125.34
124.26
123.17
122.21
121.21
120.32
119.35
118.52
117.61
116.65
115.45
113.98
111.95
109.42
106.16
102.34
97.99
93.64
89.68
86.55
84.37
83.24
82.83
82.61
83.27
83.93
84.17
84.21
84.04
83.87
83.44
82.95
82.53
82.11
81.45
80.73
80.05
79.23
78.47
77.61
76.85
76.12
75.44
74.79
74.16
73.61
73.14
72.69
72.42
71.98
71.67
71.20
70.73
70.33
69.86
69.51
69.16
68.79
68.49
68.28
68.10
67.87
67.63
67.33
67.00
66.62
66.29
65.85
65.49
65.13
64.96
64.70
64.53
64.41
64.12
63.98
63.93
63.59
63.37
63.23
63.01
62.74
62.54
62.42
62.26
61.98
61.77
61.46
61.18
60.87
60.62
60.38
60.43