57.70
58.00
58.60
60.84
64.58
70.52
78.26
87.57
97.75
108.09
117.94
126.38
132.97
137.70
140.57
142.32
142.68
142.30
141.56
140.68
140.11
139.51
138.98
138.39
137.97
137.54
137.01
136.50
135.96
135.34
134.45
133.39
132.10
130.45
127.79
124.40
120.57
116.88
112.49
107.68
102.80
98.33
94.47
91.63
90.64
89.13
88.82
88.80
88.64
88.49
88.38
88.25
87.89
87.39
86.87
86.43
85.80
85.22
84.56
83.83
83.10
82.25
81.37
80.65
79.69
78.89
77.98
77.40
76.76
76.05
75.46
74.89
74.37
73.83
73.35
72.87
72.40
72.02
71.62
71.28
70.77
70.45
69.96
69.62
69.24
68.89
68.48
68.14
67.75
67.44
67.05
66.75
66.45
66.13
65.82
65.50
65.13
64.75
64.45
64.17
63.81
63.54
63.18
62.90
62.63
62.42
62.11
61.95
61.74
61.58
61.28
61.22
61.00
60.86
60.75
60.75
60.56
60.49
60.34
60.31
60.09
59.89
59.63
59.32
59.07
58.77
58.50
58.27
57.89
57.78
57.67