63.43
63.69
64.55
66.13
69.78
74.91
81.90
90.12
98.94
108.01
116.55
123.95
129.52
133.59
136.62
138.41
139.33
139.59
139.27
138.54
137.65
136.78
135.70
134.60
133.54
132.48
131.17
130.08
128.86
127.64
126.13
124.27
122.01
119.28
115.64
111.31
107.02
102.87
99.48
96.79
94.68
93.52
93.22
93.12
93.04
92.92
92.86
92.53
92.22
91.73
91.20
90.49
89.81
89.02
88.17
87.45
86.62
85.86
84.94
84.07
83.19
82.36
81.47
80.65
79.88
79.09
78.35
77.69
76.99
76.43
75.85
75.29
74.77
74.33
73.88
73.41
72.96
72.56
72.14
71.77
71.40
71.04
70.78
70.41
70.14
69.82
69.65
69.40
69.08
68.72
68.51
68.05
67.77
67.39
67.24
67.11
66.85
66.52
66.32
66.05
65.63
65.21
64.75
64.32
63.94