63.76
64.13
65.19
67.59
71.20
75.98
82.65
90.10
97.99
105.37
111.92
117.51
121.94
125.15
127.41
129.05
129.74
130.01
129.86
129.37
128.67
127.86
126.94
125.99
125.10
124.24
123.27
122.22
121.25
119.94
118.60
116.89
114.88
112.51
109.58
106.52
103.15
99.94
97.49
95.73
94.70
93.88
93.58
93.13
93.09
92.84
92.56
92.10
91.64
90.97
90.31
89.51
88.72
87.91
87.02
86.17
85.33
84.46
83.63
82.67
81.89
80.96
80.16
79.54
78.77
78.12
77.48
76.87
76.28
75.86
75.30
74.89
74.34
73.90
73.51
73.25
72.83
72.52
72.06
71.75
71.35
71.13
70.86
70.63
70.37
70.18
70.00
69.64
69.50
69.26
69.06
68.83
68.47
68.20
67.99
67.67
67.32
66.89
66.35
65.98
65.45
65.05
64.71