55.49
55.63
56.27
57.52
59.23
61.77
64.81
68.03
71.33
74.47
77.38
80.15
82.67
85.04
87.21
89.01
90.52
92.00
93.01
93.75
94.23
94.49
94.40
94.14
93.90
93.54
93.07
92.41
91.65
90.70
89.57
88.18
86.49
84.67
82.78
80.99
79.25
77.73
76.39
75.27
74.23
73.41
72.61
71.90
71.18
70.60
70.03
69.36
68.98
68.61
68.16
67.79
67.41
67.15
66.86
66.49
66.08
65.76
65.41
65.08
64.67
64.27
63.85
63.39
62.96
62.61
62.26
62.07
61.75
61.54
61.22
61.01
60.68
60.36
60.03
59.73
59.41
59.10
58.81
58.63
58.45
58.35
58.16
58.06
57.95
57.71
57.44
57.17
57.00
56.76
56.53
56.25
56.07
55.88
55.59
55.40
55.48