60.91
61.12
61.77
63.00
64.74
67.01
69.96
73.39
76.93
80.64
84.32
87.98
91.34
94.44
97.38
100.01
102.34
104.27
105.97
107.68
108.94
109.63
109.95
110.06
110.00
109.72
109.48
109.05
108.57
107.98
107.04
105.62
104.29
102.80
101.16
98.82
96.33
93.97
91.81
89.63
87.67
86.03
84.77
83.52
82.51
81.55
80.90
80.21
79.62
79.07
78.54
77.99
77.53
76.95
76.58
76.08
75.63
75.18
74.84
74.31
73.89
73.39
72.92
72.38
71.90
71.38
70.92
70.42
69.96
69.55
69.11
68.69
68.22
67.90
67.50
67.11
66.79
66.42
66.05
65.70
65.46
65.21
64.94
64.66
64.43
64.21
63.94
63.85
63.54
63.46
63.26
63.05
62.90
62.65
62.32
62.07
61.83
61.56
61.30
61.17
61.06
61.14
60.85