88.34
88.47
88.52
88.49
88.23
87.80
87.33
86.85
86.26
85.61
84.93
84.31
83.57
82.74
81.89
81.03
80.27
79.33
78.64
77.82
77.06
76.35
75.70
75.17
74.65
74.12
73.78
73.31
72.86
72.37
71.97
71.54
71.13
70.62
70.25
69.74
69.36
68.91
68.55
68.18
67.83
67.44
67.14
66.86
66.51
66.18
65.92
65.59
65.27
65.07
64.81
64.60
64.50
64.32
64.17
64.07
63.92
63.82
63.56
63.21
62.94
62.59
62.27
61.79
61.49
61.11
60.78
60.40
60.18
60.12
60.56
61.76
64.46
69.02
75.79
84.62
94.99
106.21
117.23
127.06
135.08
140.64
144.06
145.43
145.46
144.60
143.45
142.10
140.90
139.92
139.08
138.42
137.78
137.28
136.79
136.32
135.88
135.14
134.34
133.22
131.81
129.89
127.47
124.46
120.72
116.07
111.02
105.80
100.87
96.59
93.43
91.25
90.01
89.46
89.27
89.33
89.38
89.25
89.13
88.93
88.60
88.15
87.76
87.21
86.70
86.01
85.25
84.42
83.56
82.61
81.59
80.72
79.78
79.02
78.26
77.65
77.09
76.50
75.97
75.36
74.81
74.24
73.62
73.16
72.73
72.32
71.95
71.71
71.37
71.02
70.63
70.28
69.96
69.51
69.09
68.70
68.31
67.91
67.61
67.31
67.04
66.73
66.59
66.40
66.26
66.14
66.03
65.92
65.76
65.49
65.23
64.88
64.58
64.22
63.95
63.55
63.29
62.84
62.52
62.14
61.92
62.04
62.84
64.82
68.62
74.46
82.52
92.43
103.60
115.02
125.79
134.84
141.74
146.16
148.45
149.02
148.50
147.44
146.30
145.24
144.37
143.78
143.30
142.76
142.57
142.23
141.84
141.38
140.95
140.20
139.26
137.95
136.52
134.56
132.17
129.16
125.47
121.02
115.93
110.51
105.24
100.49
96.83
94.11
92.57
91.82
91.61
91.60
91.75
91.87
91.73
91.46
91.19
90.69
90.15
89.49
88.90
88.17
87.40
86.60
85.81
84.99
84.04
83.06
82.12
81.26
80.43
79.67
78.97
78.31
77.78
77.20
76.70
76.25
75.78
75.34
74.89
74.49
74.12
73.69
73.21
72.73
72.30
71.88
71.46
71.02
70.69
70.37
70.02
69.73
69.42
69.17
68.88
68.60
68.39
68.13
67.74
67.44
67.12
66.75
66.37
65.93
65.68
65.34
65.05
64.75
64.61
64.48
64.33
64.20
64.15
64.03
63.85
63.77
63.83
63.73
63.74
63.64
63.51
63.46
63.24
63.01
62.77
62.48
62.14
61.69
61.29
60.86
60.66
61.00
62.46
65.60
70.85
78.23
87.86
98.94
110.68
122.04
132.06
140.06
145.65
148.91
150.45
150.55
150.01
149.01
148.20
147.48
147.01
146.54
146.29
146.02
145.86
145.58
145.30
145.00
144.47
143.65
142.71
141.39
139.85
137.76
135.33
132.42
128.94
124.71
119.84
114.47
109.15
103.98
99.76
96.53
94.38
93.15
92.62
92.60
92.72
92.75
92.68
92.51
92.07
91.52
90.88
90.17
89.47
88.71
87.93
87.12
86.29
85.40
84.51
83.62
82.61
81.68
80.87
79.99
79.19
78.48
77.88
77.31
76.78
76.34
75.87
75.38
75.02
74.57
74.18
73.71
73.29
72.75
72.30
71.81
71.40
70.91
70.51
70.13
69.78
69.40
69.10
68.68
68.32
67.98
67.59
67.17
66.91
66.53
66.23
65.87
65.53
65.21
64.96
64.64
64.38
64.17
64.00
63.66
63.42
63.15
62.93
62.71
62.52
62.41
62.32
62.16
62.09
61.99
62.02
61.90
61.91
61.61
61.50
61.19
60.92
60.62
60.27
59.90
59.57
59.19
58.93
58.74
58.74
59.09
60.56
63.45
68.25
75.02
83.86
94.07
104.95
115.67
125.36
133.19
138.89
142.51
144.38
144.83
144.50
143.71
142.85
142.04
141.22
140.58
140.00
139.52
139.06
138.63
138.23
137.85
137.35
136.56
135.60
134.26
132.65
130.50
127.79
124.40
120.25
115.33
110.07
104.92
100.12
96.19
93.33
91.56
90.64
90.25
90.17
90.29
90.37
90.22
90.01
89.71
89.22
88.71
88.16
87.49
86.81
86.12
85.46
84.62
83.89
82.99
82.14
81.37
80.50
79.62
78.81
78.06
77.40
76.75
76.08
75.55
75.06
74.58
74.13
73.64
73.28
72.84
72.34
71.94
71.51
71.05
70.66
70.35
69.99
69.67
69.28
69.01
68.66
68.20
67.84
67.30
66.90
66.54
66.27
65.86
65.54
65.27
65.01
64.70
64.41
64.18
63.96
63.67
63.42
63.11
62.86
62.61
62.43
62.12
62.05
61.84
61.82
61.70
61.71
61.57
61.60
61.43
61.30
61.02
60.81
60.44
60.25
59.89
59.60
59.23
58.98
58.63
58.44
58.25
58.40
59.06
60.84
64.19
69.48
76.72
85.69
95.79
106.44
116.62
125.47
132.60
137.70
140.87
142.38
142.68
142.30
141.56
140.65
139.79
139.09
138.37
137.89
137.32
136.82
136.38
135.87
135.22
134.52
133.57
132.50
131.04
129.28
126.99
124.16
120.57
116.26
111.34
106.24
101.29
96.90
93.53
91.19
89.69
89.04
88.82
88.80
88.82
88.79
88.55
88.25
87.89
87.39
86.87
86.43
85.80
85.22
84.56
83.82
83.00
82.17
81.23
80.40
79.55
78.78
77.95
77.40
76.76
76.05
75.46
74.89
74.29
73.83
73.22
72.81
72.36
71.87
71.37
71.02
70.56
70.25
69.81
69.50
69.12
68.70
68.28
67.93
67.59
67.20
66.81
66.49
66.12
65.80
65.46
65.18
64.82
64.61
64.21
63.94
63.60
63.26
62.99
62.68
62.41
62.16
61.92
61.70
61.41
61.22
61.03
60.75
60.64
60.52
60.37
60.23
60.09
60.04
59.98
59.91
59.87
59.71
59.63
59.32
59.07
58.77
58.50
58.27
57.89
57.72
57.37
57.14
56.83
56.82
57.07
58.03
60.20
64.22
70.07
77.80
87.11
97.47
108.03
117.94
126.38
132.97
137.51
140.23
141.37
141.57
141.18
140.61
139.75
139.10
138.44
137.82
137.16
136.67
136.20
135.69
135.17
134.51
133.71
132.84
131.56
130.14
128.38
126.11
123.53
120.20
116.12
111.52
106.56
101.71
97.35
93.84
91.25
89.68
88.83
88.52
88.44
88.48
88.38
88.38
88.04
87.68
87.26
86.82
86.25
85.73
85.07
84.54
83.69
82.97
82.11
81.28
80.41
79.55
78.66
77.87
77.20
76.59
75.95
75.37
74.82
74.37
73.77
73.28
72.81
72.40
71.94
71.55
71.07
70.75
70.36
69.92
69.44
69.11
68.72
68.35
68.05
67.70
67.39
67.05
66.75
66.50
66.13
65.90
65.52
65.20
64.85
64.56
64.27
64.03
63.67
63.45
63.14
62.80
62.64
62.44
62.14
61.88
61.72
61.63
61.36
61.15
61.01
60.89
60.76
60.68
60.49
60.56
60.52
60.41
60.27
60.24
60.12
59.98
59.74
59.58
59.36
59.04
58.66
58.34
58.07
57.81
57.70
58.22
59.56
62.36
67.03
73.72
82.25
92.21
102.86
113.36
122.98
130.94
136.83
140.73
142.96
143.80
143.69
143.23
142.56
141.96
141.34
140.78
140.36
140.01
139.53
139.18
138.73
138.32
137.79
137.08
136.14
135.10
133.74
132.11
130.08
127.72
124.75
121.19
116.87
112.07
107.01
102.10
97.73
94.36
91.79
90.29
89.52
89.19
89.15
89.24
89.13
89.01
88.80
88.49
88.05
87.48
86.90
86.38
85.74
85.10
84.46
83.65
82.77
81.90
80.90
80.06
79.13
78.31
77.57
76.94
76.25
75.67
74.97
74.41
73.89
73.29
72.80
72.42
72.06
71.55
71.10
70.71
70.26
69.78
69.34
68.92
68.55
68.15
67.79
67.44
67.14
66.83
66.45
66.20
65.82
65.50
65.13
64.75
64.45
64.17
63.81
63.54
63.18
62.90
62.63
62.42
62.11
61.95
61.74
61.58
61.28
61.22
61.00
60.86
60.75
60.77
60.70
60.56
60.45
60.37
60.09
59.89
59.59
59.29
58.95
58.64
58.25
57.92
57.67
57.55
57.65
58.60
60.72
64.58
70.38
78.07
87.28
97.55
108.09
117.94
126.47
133.18
137.81
140.57
141.83
142.19
141.84
141.30
140.68
140.11
139.51
138.98
138.39
137.97
137.54
137.01
136.50
135.96
135.34
134.45
133.39
132.10
130.45
128.48
126.17
123.25
119.70
115.49
110.59
105.61
100.69
96.49
93.10
90.76
89.13
88.38
88.03
87.98
87.93
87.92
87.82
87.51
87.15
86.71
86.16
85.55
84.93
84.34
83.68
83.05
82.16
81.31
80.50
79.64
78.71
77.96
77.15
76.47
75.72
75.10
74.55
74.04
73.46
72.98
72.53
72.09
71.57
71.09
70.63
70.25
69.79
69.39
68.93
68.62
68.20
67.89
67.47
67.19
66.83
66.51
66.26
65.91
65.52
65.14
64.75
64.47
64.11
63.84
63.46
63.18
62.83
62.59
62.25
62.03
61.74
61.64
61.35
61.14
60.94
60.82
60.65
60.57
60.43
60.36
60.28
60.22
60.06
59.93
59.72
59.51
59.22
59.02
58.74
58.41
58.04
57.78
57.51
57.25
57.07
57.47
58.57
61.03
65.09
71.09
78.92
88.23
98.34
108.45
117.80
125.78
131.76
135.88
138.15
139.29
139.22
138.69
137.86
137.06
136.19
135.43
134.66
134.05
133.38
132.72
132.07
131.51
130.76
129.91
128.89
127.63
126.03
124.01
121.44
118.33
114.36
109.93
105.05
100.37
96.14
92.73
90.22
88.69
87.71
87.36
87.19
87.13
87.05
86.94
86.60
86.18
85.77
85.30
84.80
84.27
83.64
83.16
82.45
81.71
80.89
80.15
79.25
78.47
77.73
77.02
76.30
75.68
74.97
74.35
73.77
73.29
72.73
72.31
71.84
71.46
70.99
70.55
70.07
69.67
69.20
68.84
68.43
68.13
67.68
67.29
67.02
66.62
66.24
65.97
65.57
65.32
65.08
64.70
64.33
64.03
63.71
63.44
63.11
62.86
62.56
62.23
61.92
61.74
61.42
61.24
61.03
60.75
60.55
60.34
60.06
59.82
59.57
59.45
59.17
59.03
58.83
58.63
58.50
58.38
58.19
58.19
58.12
58.09
58.05
57.96
57.83
57.73
57.51
57.34
57.09
56.96
56.71
56.42
56.18
55.93
55.61
55.47
55.48
56.17
57.88
61.19
66.19
73.25
81.94
91.81
102.11
112.10
120.89
128.12
133.29
136.65
138.44
139.18
139.02
138.44
137.72
137.01
136.13
135.41
134.61
133.99
133.29
132.68
131.95
131.29
130.46
129.56
128.46
127.19
125.45
123.47
120.96
117.81
113.94
109.56
104.78
100.09
95.76
92.27
89.76
88.11
87.22
86.98
86.87
86.82
86.82
86.66
86.37
85.99
85.47
85.08
84.50
84.09
83.47
82.89
82.30
81.67
80.84
80.02
79.17
78.31
77.41
76.55
75.89
75.26
74.54
74.10
73.62
73.20
72.75
72.24
71.79
71.39
70.87
70.41
69.93
69.51
69.09
68.60
68.29
67.96
67.58
67.26
66.95
66.58
66.23
65.98
65.58
65.22
64.91
64.72
64.30
64.00
63.73
63.47
63.22
62.85
62.53
62.30
62.04
61.72
61.44
61.27
61.10
60.78
60.53
60.41
60.23
60.15
59.93
59.83
59.74
59.73
59.63
59.59
59.52
59.36
59.26
59.05
58.86
58.63
58.39
58.17
57.80
57.61
57.27
57.01
56.88
57.23
58.26
60.58
64.55
70.52
78.26
87.57
97.75
108.04
117.74
126.05
132.46
136.96
139.60
140.94
141.08
140.81
140.09
139.38
138.66
137.95
137.29
136.74
136.11
135.46
134.91
134.39
133.74
133.08
132.14
131.04
129.74
128.08
126.09
123.59
120.50
116.88
112.49
107.68
102.80
98.33
94.47
91.63
89.76
88.71
88.19
88.13
88.00
87.97
87.91
87.65
87.41
87.03
86.63
86.23
85.66
85.10
84.50
83.83
83.10
82.25
81.37
80.65
79.69
78.89
77.98
77.33
76.58
76.00
75.34
74.76
74.28
73.77
73.35
72.87
72.40
72.02
71.62
71.28
70.77
70.45
69.96
69.62
69.24
68.89
68.51
68.26
67.85
67.51
67.23
66.97
66.59
66.30
66.00
65.69
65.32
65.04
64.69
64.47
64.11
63.84
63.62
63.38
63.14
62.82
62.54
62.43
62.18
61.91
61.71
61.54
61.29
61.18
60.89
60.75
60.56
60.50
60.34
60.31
60.24
60.24
60.27
60.23
60.09
60.07
59.90
59.74
59.53
59.30
59.01
58.76
58.42
58.19
58.00
58.00
58.31
59.59
62.08
66.38
72.62
80.79
90.44
100.89
111.35
121.08
129.23
135.53
139.85
142.32
143.50
143.71
143.32
142.77
142.08
141.48
140.92
140.35
139.71
139.31
138.73
138.26
137.67
137.12
136.43
135.61
134.54
133.28
131.64
129.79
127.55
124.96
121.74
117.86
113.38
108.50
103.60
99.07
95.24
92.38
90.37
89.26
88.64
88.49
88.33
88.36
88.17
88.14
87.77
87.38
86.91
86.45
85.78
85.19
84.41
83.70
82.80
82.04
81.06
80.26
79.38
78.51
77.72
76.95
76.23
75.57
74.86
74.34
73.72
73.30
72.74
72.28
71.87
71.49
71.02
70.58
70.12
69.77
69.27
68.92
68.48
68.14
67.75
67.44
67.00
66.72
66.35
66.06
65.69
65.40
65.00
64.74
64.35
64.06
63.70
63.45
63.11
62.80
62.45
62.18
61.92
61.69
61.39
61.15
60.95
60.81
60.51
60.29
60.05
59.88
59.63
59.41
59.11
58.94
58.62
58.42
58.28
58.19
58.10
58.00
57.95
57.94
57.85
57.78
57.67
57.60
57.48
57.31
57.11
56.96
56.74
56.56
56.22
55.93
55.65
55.42
55.25
55.40
56.14
58.00
61.43
66.70
73.81
82.63
92.49
102.74
112.52
121.19
128.10
133.24
136.41
138.09
138.53
138.43
137.82
137.18
136.38
135.80
135.06
134.46
133.71
133.11
132.44
131.73
130.97
130.22
129.35
128.30
127.05
125.48
123.54
121.20
118.25
114.59
110.37
105.80
101.00
96.72
92.95
90.23
88.33
87.33
86.73
86.56
86.54
86.57
86.43
86.25
85.91
85.52
85.05
84.60
84.04
83.51
82.88
82.16
81.51
80.81
79.99
79.28
78.36
77.61
76.81
76.04
75.29
74.71
74.09
73.50
72.95
72.49
72.01
71.62
71.13
70.75
70.22
69.84
69.31
68.96
68.43
68.16
67.80
67.43
67.08
66.77
66.45
66.09
65.66
65.40
65.05
64.76
64.36
64.11
63.71
63.38
63.03
62.68
62.35
62.12
61.83
61.63
61.34
61.06
60.85
60.65
60.33
60.15
59.94
59.70
59.46
59.32
59.09
58.97
58.71
58.48
58.21
58.02
57.81
57.76
57.53
57.52
57.42
57.40
57.33
57.28
57.26
57.18
56.93
56.75
56.50
56.35
56.10
55.93
55.64
55.47
55.17
54.93
54.68
54.75
54.97
56.05
58.22
62.33
68.71
77.25
87.37
98.18
108.47
117.40
124.41
129.48
132.68
134.37
134.89
134.95
134.87
134.89
134.69
134.29
133.35
132.12
130.82
129.78
129.03
128.68
128.29
127.86
127.11
126.21
125.26
124.16
122.55
120.36
117.25
113.50
108.85
104.02
99.23
95.04
91.57
89.22
87.71
86.91
86.57
86.46
86.35
86.29
86.07
85.88
85.42
85.00
84.48
84.09
83.40
82.92
82.16
81.37
80.49
79.56
78.57
77.68
76.72
75.82
74.87
74.23
73.68
73.17
72.73
72.43
72.09
71.71
71.16
70.53
69.79
69.11
68.51
68.04
67.52
67.23
66.93
66.82
66.53
66.30
65.96
65.68
65.33
65.06
64.85
64.87
64.78
64.64
64.33
64.21
63.91
63.56
63.20
62.78
62.29
61.95
61.41
61.03
60.59
60.32
59.89
59.69
59.60
59.65
59.66
59.81
59.86
60.10
60.22
60.09
59.68
59.21
58.72
58.18
57.55
57.03
56.40
55.78