76.16
75.45
74.86
74.32
73.84
73.47
72.99
72.61
72.27
71.91
71.55
71.27
70.80
70.33
69.91
69.42
69.01
68.60
68.22
67.98
67.69
67.59
67.21
66.91
66.59
66.33
65.96
65.65
65.27
64.94
64.47
64.19
63.92
63.59
63.32
63.19
62.93
62.87
62.79
62.72
62.63
62.58
62.51
62.41
62.16
62.06
61.83
61.60
61.31
61.17
60.81
60.52
60.33
60.04
59.71
59.44
59.10
58.93
59.02
59.98
62.13
66.09
72.28
80.43
90.01
100.44
110.55
119.46
126.36
131.18
133.77
134.53
134.06
132.82
131.15
129.60
127.94
126.69
125.34
124.26
123.17
122.22
121.21
120.32
119.35
118.51
117.61
116.43
114.99
113.26
110.81
107.82
104.13
99.86
95.43
91.29
87.89
85.41
83.90
83.32
83.36
83.74
84.08
84.42
84.40
84.21
83.76
83.21
82.69
82.14
81.56
81.10
80.47
80.03
79.39
78.83
78.17
77.51
76.77
76.10
75.37
74.79
74.12
73.61
73.03
72.64
72.14
71.79
71.35
70.96
70.54
70.14
69.86
69.46
69.16
68.79
68.49
68.15
67.76
67.44
67.11
66.85
66.51
66.26
65.96
65.68
65.35
65.06
64.79
64.47
64.15
63.99
63.78
63.67
63.49
63.51
63.40
63.29
63.10
63.06
62.79
62.58
62.26
61.98
61.55
61.29
61.00
60.68
60.45
60.26
59.97
59.76
59.78
60.12
61.32
64.04
68.62
75.32
83.82
93.51
103.58
113.18
121.37
127.55
131.50
133.50
133.88
133.24
131.91
130.37
128.84
127.48
126.25
125.09
124.01
123.09
122.08
121.14
120.15
119.15
118.08
116.92
115.55
113.98
111.95
109.42
106.16
102.34
97.99
93.64
89.68
86.55
84.37
83.24
82.91
83.11
83.54
83.93
84.17
84.10
83.86
83.46
82.87
82.34
81.75
81.15
80.54
80.04
79.42
78.75
78.06
77.35
76.61
75.95
75.28
74.64
74.05
73.54
72.99
72.64
72.19
71.84
71.44
71.00
70.66
70.28
69.86
69.51
69.04
68.64
68.31
68.02
67.62
67.25
66.89
66.64
66.21
65.98
65.68
65.36
65.05
64.78
64.52
64.30
64.10
64.00
63.73
63.72
63.57
63.46
63.34
63.23
63.01
62.74
62.45
62.15
61.74
61.45
61.16
60.75
60.40
60.04
59.76
59.56
59.57
60.09
61.57
64.74
69.89
77.12
86.10
96.12
106.45
115.82
123.59
129.21
132.58
134.05
134.05
133.12
131.61
129.98
128.43
127.02
125.66
124.51
123.35
122.21
121.19
120.23
119.29
118.52
117.57
116.65
115.45
114.14
112.29
109.99
107.04
103.47
99.34
94.93
90.79
87.21
84.58
82.99
82.34
82.41
82.81
83.40
83.87
84.05
84.04
83.87
83.44
82.95
82.53
82.16
81.78
81.28
80.73
80.09
79.33
78.59
77.71
76.87
76.06
75.35
74.62
74.13
73.58
73.03
72.59
72.09
71.67
71.20
70.73
70.33
69.86
69.46
69.04
68.79
68.47
68.28
68.10
67.88
67.78
67.59
67.30
67.11
66.86
66.51
66.10
65.76
65.35
64.96
64.62
64.41
64.12
63.98
63.99
63.91
63.76
63.70
63.60
63.52
63.17
62.93
62.64
62.15
61.77
61.46
61.13
60.86
60.56
60.51
60.43
61.05
62.51
65.55
70.44
77.55
86.54
96.91
107.46
117.52
125.80
132.07
135.83
137.54
137.53
136.56
134.97
133.23
131.56
130.21
128.95
127.89
126.95
126.14
125.37
124.60
123.80
123.06
122.25
121.38
120.29
119.07
117.47
115.55
113.04
109.87
106.03
101.68
97.02
92.72
89.10
86.42
84.82
84.28
84.37
84.74
85.32
85.86
86.08
86.16
85.99
85.69
85.16
84.67
84.22
83.60
82.93
82.19
81.53
80.70
79.89
79.18
78.26
77.49
76.80
76.29
75.60
75.03
74.57
74.10
73.62
73.27
72.86
72.47
72.11
71.82
71.39
70.96
70.66
70.31
69.94
69.62
69.31
69.07
68.76
68.49
68.16
67.86
67.52
67.20
66.91
66.61
66.22
65.87
65.54
65.23
65.02
64.82
64.61
64.55
64.32
64.02
63.76
63.53
63.28
63.10
62.83
62.73
62.57
62.49
62.34
62.21
62.00
61.96
61.85
61.72
61.55
61.35
61.11
60.79
60.40
60.06
59.63
59.24
58.83
58.55
58.30
58.63
59.80
62.52
67.24
74.28
83.26
93.86
104.98
115.58
124.52
131.53
136.02
138.14
138.53
137.73
136.08
134.15
132.28
130.68
129.12
128.10
127.21
126.47
125.92
125.54
125.19
124.73
124.25
123.69
122.74
121.57
120.06
118.12
115.68
112.70
109.28
105.20
100.77
96.27
92.10
88.64
86.29
84.88
84.28
84.35
84.74
85.16
85.51
85.67
85.67
85.49
85.22
84.90
84.43
83.93
83.43
82.87
82.10
81.37
80.54
79.73
78.87
78.01
77.17
76.32
75.61
74.96
74.43
74.02
73.53
73.19
72.75
72.42
71.94
71.47
70.96
70.53
70.14
69.70
69.29
68.93
68.57
68.30
67.97
67.77
67.49
67.34
67.11
66.84
66.59
66.34
65.96
65.57
65.13
64.72
64.29
63.93
63.59
63.23
62.86
62.63
62.38
62.16
62.04
61.93
61.88
61.99
62.10
62.22
62.13
62.10
61.99
61.73
61.37
61.03
60.65
60.36
60.04
59.86
59.77
59.56
59.39
59.21
58.98
58.91
59.30
60.74
63.64
68.67
75.70
84.61
94.44
104.76
114.05
121.93
127.63
131.07
132.48
132.39
131.12
129.31
127.38
125.60
123.81
122.45
121.06
119.96
118.88
117.94
117.09
116.17
115.33
114.50
113.49
112.39
110.98
109.17
106.70
103.63
99.94
95.81
91.57
87.73
84.59
82.50
81.37
81.15
81.37
81.97
82.44
82.99
83.16
83.17
83.01
82.74
82.26
81.86
81.31
80.79
80.10
79.61
78.84
78.09
77.35
76.63
75.88
75.15
74.49
73.88
73.15
72.67
72.28
71.82
71.38
71.07
70.63
70.22
69.97
69.57
69.22
68.86
68.54
68.24
67.88
67.60
67.36
67.00
66.65
66.34
66.01
65.64
65.35
65.08
64.69
64.46
64.17
63.92
63.60
63.46
63.21
63.00
62.69
62.47
62.07
61.86
61.57
61.40
61.22
61.12
61.01
61.02
60.98
60.85
60.71
60.62
60.46
60.38
60.20
60.01
59.80
59.62
59.27
58.99
58.67
58.44
58.03
57.78
57.48
57.31
57.38
58.25
60.21
64.03
69.78
77.63
86.90
97.00
106.92
115.79
122.78
127.63
130.23
130.99
130.39
129.06
127.21
125.35
123.56
122.02
120.53
119.26
118.08
117.03
116.01
115.27
114.41
113.51
112.54
111.55
110.24
108.70
106.64
104.13
100.95
97.36
93.29
89.40
85.89
83.17
81.33
80.47
80.27
80.58
80.97
81.37
81.72
81.72
81.61
81.47
81.12
80.82
80.39
80.01
79.61
79.11
78.50
77.76
76.97
76.25
75.36
74.68
73.99
73.50
72.96
72.57
72.15
71.82
71.46
70.99
70.36
69.82
69.24
68.75
68.18
67.78
67.44
67.19
66.98
66.83
66.65
66.42
66.13
65.84
65.32
65.01
64.58
64.18
63.76
63.54
63.20
62.99
62.80
62.76
62.54
62.35
61.98
61.75
61.39
61.05
60.78
60.60
60.31
60.24
60.15
60.23
60.13
60.23
60.12
60.06
59.85
59.67
59.27
58.97
58.69
58.36
57.94
57.69
57.47
57.20
56.86
56.80
56.96
58.01
60.31
64.55
70.86
79.17
88.74
99.16
108.84
117.55
124.19
128.69
130.91
131.43
130.71
129.25
127.47
125.64
123.94
122.34
121.03
119.92
118.90
118.02
117.14
116.39
115.58
114.70
113.79
112.68
111.34
109.83
107.87
105.56
102.52
98.99
94.95
90.83
86.95
83.93
81.76
80.64
80.35
80.75
81.39
82.08
82.62
82.84
82.74
82.41
81.98
81.56
80.90
80.42
79.87
79.35
78.72
78.20
77.56
76.86
76.08
75.45
74.71
74.02
73.32
72.87
72.31
71.84
71.53
71.10
70.72
70.44
70.09
69.72
69.27
68.90
68.57
68.22
67.78
67.47
67.05
66.70
66.32
66.03
65.69
65.38
65.10
64.94
64.68
64.50
64.28
64.10
63.84
63.65
63.31
63.08
62.65
62.39
62.17
62.02
61.91
61.85
61.74
61.85
61.76
61.74
61.57
61.41
61.18
60.87
60.63
60.29
59.95
59.58
59.27
58.90
58.64
58.55
58.91
60.15
62.76
67.36
74.05
82.64
92.54
103.09
113.04
121.61
128.02
132.32
134.29
134.70
133.87
132.35
130.63
128.94
127.47
126.08
124.85
123.83
122.90
122.14
121.24
120.58
119.81
119.15
118.33
117.40
116.24
115.00
113.34
111.28
108.65
105.42
101.51
97.26
92.99
89.15
86.05
83.96
82.83
82.61
82.77
83.32
83.89
84.42
84.72
84.83
84.71
84.43
83.90
83.50
82.93
82.39
81.64
81.17
80.32
79.60
78.76
77.89
77.04
76.30
75.59
74.95
74.33
73.81
73.35
72.95
72.53
72.20
71.79
71.43
71.06
70.80
70.36
69.99
69.73
69.38
69.09
68.81
68.56
68.46
68.05
67.77
67.44
67.10
66.71
66.37
66.04
65.63
65.33
65.07
64.72
64.48
64.17
64.08
63.86
63.76
63.64
63.62
63.42
63.39
63.12
62.87
62.57
62.30
61.91
61.55
61.15
60.85
60.51
60.21
60.07
60.32
61.41
64.06
68.57
75.32
84.03
94.25
104.92
115.21
123.91
130.57
134.89
136.81
137.04
136.05
134.32
132.37
130.51
128.93
127.53
126.43
125.54
124.71
124.00
123.35
122.67
122.04
121.30
120.60
119.76
118.60
117.25
115.61
113.40
110.61
107.21
103.19
98.76
94.25
90.34
87.16
84.92
83.82
83.40
83.65
84.09
84.81
85.25
85.58
85.55
85.41
85.07
84.65
84.08
83.45
82.77
82.11
81.44
80.68
79.87
79.11
78.25
77.36
76.58
75.93
75.20
74.61
74.05
73.66
73.13
72.76
72.33
71.96
71.55
71.22
70.81
70.47
70.11
69.91
69.47
69.06
68.72
68.31
67.88
67.59
67.25
67.03
66.67
66.39
66.17
65.87
65.49
65.26
64.93
64.60
64.25
63.99
63.65
63.37
63.09
62.93
62.71
62.54
62.42
62.36
62.22
62.16
62.05
61.99
61.85
61.73
61.56
61.33
61.01
60.70
60.34
60.06
59.76
59.46
59.09
58.80
58.70
58.80
59.52
61.37
64.85
70.47
78.06
87.38
97.55
107.71
116.85
124.18
129.16
132.02
132.74
132.07
130.38
128.34
126.21
124.20
122.42
120.94
119.63
118.39
117.31
116.38
115.44
114.73
113.94
113.17
112.19
111.02
109.52
107.54
104.77
101.47
97.57
93.48
89.44
86.09
83.51
82.02
81.35
81.48
81.94
82.66
83.22
83.57
83.62
83.54
83.24
82.85
82.24
81.71
81.10
80.52
79.88
79.28
78.64
77.95
77.24
76.56
75.93
75.28
74.58
74.05
73.42
72.97
72.41
72.04
71.51
71.12
70.58
70.11
69.74
69.31
68.93
68.66
68.35
68.16
67.91
67.65
67.40
67.17
66.94
66.62
66.22
66.01
65.55
65.24
64.93
64.61
64.33
64.11
63.84
63.75
63.54
63.47
63.25
63.18
62.98
62.87
62.67
62.38
62.03
61.81
61.44
61.19
60.92
60.67
60.36
60.09
59.86
59.57
59.43
59.51
60.21
62.07
65.61
71.19
78.82
88.08
98.12
108.20
117.08
124.18
129.03
131.62
132.27
131.42
129.77
127.76
125.63
123.76
122.17
120.72
119.50
118.44
117.40
116.48
115.66
114.86
113.98
113.07
112.01
110.76
109.05
107.09
104.35
100.97
97.03
92.86
88.98
85.66
83.32
81.90
81.34
81.49
82.00
82.69
83.16
83.54
83.65
83.50
83.13
82.74
82.19
81.64
81.07
80.50
79.91
79.25
78.55
77.93
77.11
76.44
75.73
74.98
74.27
73.67
73.14
72.64
72.09
71.68
71.29
70.91
70.54
70.28
69.92
69.59
69.29
68.97
68.62
68.18
67.80
67.50
67.09
66.85
66.55
66.31
65.92
65.63
65.35
65.08
64.73
64.47
64.17
63.91
63.62
63.42
63.26
63.13
62.96
63.03
62.89
62.74
62.59
62.49
62.11
61.86
61.52
61.20
60.78
60.46
60.10
59.91
59.55
59.37
59.30
59.63
60.79
63.40
67.91
74.49
83.00
92.91
103.25
113.13
121.45
127.80
131.76
133.58
133.77
132.66
130.87
128.89
126.94
125.19
123.67
122.32
121.22
120.22
119.28
118.43
117.55
116.70
115.88
115.05
113.88
112.55
110.99
108.86
106.08
102.69
98.74
94.43
90.20
86.62
84.02
82.40
81.67
82.00
82.55
83.27
83.95
84.45
84.64
84.59
84.27
83.96
83.36
82.85
82.11
81.45
80.73
80.05
79.23
78.47
77.61
76.85
76.12
75.44
74.73
74.16
73.61
73.14
72.69
72.42
71.98
71.71
71.32
71.04
70.72
70.39
70.00
69.75
69.27
68.99
68.63
68.28
67.87
67.63
67.33
67.00
66.62
66.29
65.85
65.49
65.13
64.96
64.70
64.53
64.47
64.36
64.30
64.27
64.11
64.09
63.97
63.86
63.56
63.37
62.98
62.70
62.33
62.02
61.65
61.34
60.90
60.62
60.36
60.46
61.14
63.15
66.88
72.86
80.78
90.51
101.16
111.85
121.30
128.78
133.92
136.71
137.45
136.74
135.17
133.27
131.23
129.44
127.96
126.69
125.53
124.70
123.86
123.12
122.43
121.82
121.17
120.54
119.70
118.68
117.32
115.74
113.57
110.85
107.31
103.30
98.83
94.39
90.41
87.42
85.30
84.42
84.17
84.75
85.35
86.02
86.49
86.79
86.76
86.51
86.13
85.71
85.14
84.58
83.90
83.23
82.48
81.68
80.82
80.07
79.17
78.37
77.57
76.90
76.25
75.70
75.16
74.74
74.30
73.96
73.51
73.19
72.75
72.43
71.99
71.62
71.26
70.90
70.50
70.22
69.97
69.62
69.30
69.03
68.71
68.36
68.03
67.74
67.50
67.17
66.88
66.78
66.57
66.48
66.34
66.30
66.15
66.08
65.91
65.64
65.35
65.02
64.64
64.40
64.00
63.74
63.37
63.11
62.64
62.62
63.07
64.58
67.74
73.01
80.52
89.98
100.60
111.43
121.42
129.66
135.55
139.03
140.23
139.90
138.38
136.43
134.38
132.63
131.01
129.80
128.71
127.92
127.28
126.67
126.13
125.70
125.07
124.46
123.55
122.65
121.38
119.74
117.64
115.13
111.88
107.99
103.52
98.90
94.39
90.70
87.92
86.27
85.54
85.67
86.17
86.87
87.49
87.83
88.03
87.97
87.63
87.19
86.56
85.90
85.11
84.41
83.57
82.70
81.78
80.96
80.07
79.21
78.35
77.61
76.85
76.25
75.61
75.14
74.65
74.23
73.83
73.54
73.11
72.83
72.41
72.07
71.69
71.29
70.86
70.56
70.09
69.76
69.38
69.03
68.65
68.40
68.05
67.74
67.40
67.17
66.71
66.37
66.08
65.75
65.43
65.28
65.07
64.98
64.85
64.80
64.70
64.62
64.40
64.33
64.08
63.77
63.40
63.07
62.62
62.34
61.87
61.53
61.17
60.87
60.70
61.12
62.32
65.10
69.82
76.69
85.54
95.86
106.52
116.68
125.23
131.56
135.40
136.96
136.71
135.32
133.29
131.21
129.12
127.41
125.98
124.67
123.69
122.83
121.91
121.19
120.45
119.79
119.00
118.18
117.11
115.85
114.03
111.76
108.64
104.94
100.61
96.06
91.82
88.22
85.59
84.13
83.58
83.76
84.39
85.15
85.65
86.11
86.15
86.00
85.69
85.19
84.56
83.90
83.15
82.39
81.59
80.82
79.97
79.28
78.39
77.69
76.99
76.31
75.73
75.24
74.73
74.22
73.82
73.43
72.99
72.68
72.22
71.98
71.60
71.28
70.94
70.56
70.12
69.76
69.25
68.72
68.18
67.79
67.27
66.91
66.56
66.27
65.98
65.81
65.63
65.51
65.32
65.27
65.19
65.14
64.93
64.80
64.66
64.50
64.25
64.07
63.79
63.49
63.04
62.70
62.19
61.74
61.26
60.86
60.42
60.20
60.06
60.51
61.67
64.36
69.04
75.73
84.41
94.46
105.02
115.04
123.49
129.85
133.75
135.29
134.94
133.48
131.34
129.01
126.77
124.85
123.14
121.77
120.61
119.70
118.85
118.13
117.38
116.77
116.06
115.20
114.09
112.62
110.68
108.13
104.70
100.84
96.43
92.24
88.43
85.62
83.73
82.92
82.83
83.29
83.82
84.37
84.70
84.68
84.42
84.12
83.67
83.12
82.60
82.19
81.60
81.08
80.50
79.84
79.06
78.35
77.57
76.77
75.90
75.23
74.61
74.10
73.58
73.17
72.66
72.30
71.82
71.38
70.96
70.60
70.07