t	Pre-Clamp(Right-Femoral)	Post-Clamp	Pre-Clamp(Right-Popliteal)	Post-Clamp
0.00	86.20	143.47	119.75	114.60
0.01	85.69	153.92	122.09	113.60
0.02	85.09	165.68	123.75	112.67
0.03	84.46	177.91	124.90	111.99
0.04	83.84	189.56	125.63	111.49
0.05	83.26	199.72	126.14	111.12
0.06	82.68	207.89	126.37	110.86
0.07	82.34	214.14	126.09	110.57
0.08	82.45	218.38	125.61	110.13
0.09	83.50	221.00	124.77	109.63
0.10	85.94	222.39	123.68	109.18
0.11	90.11	223.14	122.24	109.44
0.12	95.85	223.35	120.69	110.92
0.13	102.89	223.39	119.06	114.22
0.14	110.35	223.52	117.39	119.74
0.15	117.44	223.77	115.59	127.38
0.16	123.67	224.12	113.76	136.53
0.17	128.61	224.67	111.62	146.68
0.18	132.43	225.13	109.24	156.94
0.19	135.24	225.65	106.49	166.61
0.20	137.42	225.92	103.61	175.05
0.21	139.08	225.82	100.52	181.93
0.22	140.41	225.23	97.64	187.11
0.23	141.31	224.15	95.09	190.61
0.24	141.89	222.52	92.91	192.69
0.25	141.89	220.15	91.32	193.45
0.26	141.44	217.23	90.15	193.34
0.27	140.56	213.76	89.44	192.76
0.28	139.36	209.57	88.88	191.87
0.29	137.92	204.77	88.45	190.92
0.30	136.29	199.30	87.92	190.04
0.31	134.80	193.19	87.40	189.34
0.32	133.28	186.42	86.77	188.70
0.33	131.63	179.53	86.14	188.21
0.34	129.91	172.82	85.53	187.66
0.35	128.04	167.04	84.91	187.09
0.36	125.66	162.26	84.32	186.00
0.37	122.79	158.88	83.82	184.52
0.38	119.34	156.55	83.26	182.23
0.39	115.69	155.25	82.77	179.13
0.40	112.06	154.25	82.37	174.88
0.41	108.87	153.68	81.84	169.56
0.42	106.32	153.00	81.45	163.39
0.43	104.49	152.24	80.93	157.00
0.44	103.34	151.25	80.42	150.70
0.45	102.54	149.96	79.94	145.21
0.46	101.98	148.58	79.39	140.68
0.47	101.38	146.96	78.90	137.37
0.48	100.71	145.34	78.32	134.99
0.49	100.07	143.66	77.79	133.52
0.50	99.29	141.98	77.34	132.50
0.51	98.52	140.52	76.86	132.02
0.52	97.81	139.02	76.38	131.51
0.53	97.20	137.70	75.85	130.98
0.54	96.66	136.51	75.43	130.46
0.55	96.16	135.39	74.87	129.83
0.56	95.60	134.40	74.34	129.07
0.57	95.03	133.37	73.77	128.12
0.58	94.41	132.48	73.27	127.10
0.59	93.71	131.50	72.79	125.97
0.60	92.98	130.54	72.42	124.81
0.61	92.30	129.60	72.46	123.44
0.62	91.65	128.70	73.07	122.15
0.63	91.13	127.78	74.75	120.79
0.64	90.57	126.89	77.89	119.46
0.65	90.21	126.20	82.23	118.24
0.66	89.69	125.74	87.77	117.08
0.67	89.18	126.20	93.90	116.04
0.68	88.55	128.05	100.16	115.20
0.69	87.89	132.27	105.78	114.31
0.70	87.17	139.21	110.65	113.55
0.71	86.40	148.73	114.39	112.83
0.72	85.67	160.20	117.10	112.08
0.73	85.08	172.50	118.96	111.43
0.74	84.57	184.67	120.21	110.64
0.75	84.34	195.71	120.99	109.83
0.76	84.71	205.03	121.37	109.07
0.77	86.18	212.24	121.45	108.45
0.78	89.03	217.36	121.28	107.93
0.79	93.71	220.67	120.80	108.07
0.80	99.87	222.42	120.05	109.16
0.81	107.12	223.27	118.92	111.91
0.82	114.65	223.65	117.67	116.52
0.83	121.80	223.70	116.10	123.22
0.84	127.91	223.74	114.43	131.77
0.85	132.81	224.05	112.56	141.50
0.86	136.69	224.44	110.67	151.66
0.87	139.70	225.16	108.60	161.61
0.88	142.04	225.78	106.44	170.65
0.89	143.81	226.30	103.99	178.29
0.90	145.13	226.59	101.30	184.34
0.91	145.94	226.59	98.45	188.75
0.92	146.19	226.05	95.72	191.55
0.93	146.06	225.21	93.20	192.93
0.94	145.46	223.84	91.05	193.22
0.95	144.41	222.06	89.36	192.77
0.96	143.17	219.52	88.14	191.88
0.97	141.84	216.67	87.30	190.89
0.98	140.35	212.97	86.65	190.02
0.99	138.83	208.75	86.24	189.38
1.00	137.39	203.72	85.74	188.97
1.01	135.79	198.05	85.28	188.72
1.02	134.27	191.58	84.77	188.39
1.03	132.43	184.69	84.17	187.98
1.04	130.22	177.61	83.65	187.19
1.05	127.58	171.18	83.06	186.05
1.06	124.35	165.60	82.49	184.30
1.07	120.66	161.42	81.97	181.82
1.08	116.88	158.34	81.55	178.48
1.09	113.23	156.55	81.14	174.18
1.10	110.13	155.29	80.67	168.87
1.11	107.85	154.50	80.29	162.78
1.12	106.14	153.78	79.82	156.29
1.13	105.07	152.97	79.40	150.05
1.14	104.34	152.07	78.94	144.51
1.15	103.77	151.06	78.46	140.19
1.16	103.24	149.72	77.98	136.83
1.17	102.57	148.22	77.43	134.59
1.18	101.87	146.54	76.94	133.12
1.19	101.07	144.78	76.49	132.22
1.20	100.32	143.02	75.98	131.48
1.21	99.58	141.39	75.60	130.94
1.22	98.93	139.82	75.22	130.41
1.23	98.40	138.43	74.84	129.80
1.24	97.76	137.14	74.38	129.10
1.25	97.23	136.14	73.98	128.32
1.26	96.58	135.12	73.52	127.38
1.27	95.89	134.35	72.96	126.42
1.28	95.17	133.56	72.36	125.34
1.29	94.38	132.84	71.84	124.17
1.30	93.61	132.07	71.35	123.01
1.31	93.02	131.30	70.94	121.75
1.32	92.28	130.50	70.99	120.60
1.33	91.77	129.87	71.47	119.45
1.34	91.20	129.01	73.08	118.34
1.35	90.74	128.15	76.02	117.21
1.36	90.19	127.48	80.36	116.18
1.37	89.72	127.24	85.81	115.24
1.38	89.07	128.07	92.05	114.27
1.39	88.37	130.81	98.27	113.43
1.40	87.67	136.06	104.23	112.66
1.41	86.90	144.13	109.25	111.88
1.42	86.27	154.63	113.27	111.21
1.43	86.01	166.67	116.19	110.47
1.44	86.54	179.27	118.26	109.77
1.45	88.39	191.35	119.66	108.95
1.46	92.02	201.83	120.49	108.24
1.47	97.45	210.46	120.94	107.78
1.48	104.41	216.79	121.27	107.99
1.49	112.22	221.01	121.19	109.43
1.50	119.92	223.43	120.85	112.57
1.51	126.91	224.76	120.17	117.93
1.52	132.81	225.12	119.19	125.27
1.53	137.58	225.32	117.93	134.31
1.54	141.28	225.37	116.52	144.53
1.55	144.29	225.46	114.91	154.74
1.56	146.59	225.95	113.20	164.67
1.57	148.50	226.59	111.43	173.37
1.58	149.80	227.29	109.53	180.62
1.59	150.59	227.83	107.49	186.16
1.60	150.75	228.17	105.24	190.07
1.61	150.36	228.30	102.61	192.48
1.62	149.57	228.03	99.83	193.56
1.63	148.41	227.45	96.97	193.76
1.64	147.07	226.43	94.39	193.21
1.65	145.68	225.15	91.97	192.32
1.66	144.28	223.24	90.13	191.40
1.67	142.87	220.70	88.64	190.69
1.68	141.44	217.39	87.73	190.09
1.69	139.90	213.48	87.02	189.70
1.70	138.34	208.75	86.46	189.43
1.71	136.45	203.41	86.04	189.27
1.72	134.16	197.31	85.56	188.91
1.73	131.44	190.86	84.99	188.36
1.74	128.12	184.03	84.52	187.29
1.75	124.39	177.37	83.85	185.74
1.76	120.38	171.34	83.28	183.42
1.77	116.59	166.53	82.66	180.15
1.78	113.18	162.84	82.23	175.91
1.79	110.61	160.26	81.70	170.53
1.80	108.61	158.63	81.23	164.31
1.81	107.24	157.45	80.76	157.69
1.82	106.34	156.57	80.39	151.25
1.83	105.44	155.73	79.98	145.57
1.84	104.77	154.75	79.63	140.90
1.85	103.99	153.71	79.12	137.53
1.86	103.14	152.46	78.63	135.14
1.87	102.37	151.19	78.14	133.72
1.88	101.53	149.59	77.69	132.73
1.89	100.97	147.98	77.09	132.17
1.90	100.26	146.23	76.67	131.71
1.91	99.67	144.49	76.24	131.18
1.92	99.14	142.86	75.83	130.67
1.93	98.47	141.30	75.37	130.06
1.94	97.59	140.00	74.97	129.37
1.95	96.89	138.86	74.57	128.47
1.96	96.10	137.87	74.16	127.49
1.97	95.28	136.94	73.62	126.43
1.98	94.50	136.04	73.17	125.19
1.99	93.77	135.13	72.57	123.86
2.00	93.05	134.15	72.07	122.60
2.01	92.47	133.43	71.57	121.33
2.02	91.86	132.52	71.20	120.15
2.03	91.29	131.76	71.13	119.06
2.04	90.63	131.08	71.75	117.99
2.05	90.04	130.37	73.29	117.02
2.06	89.33	129.69	76.27	116.12
2.07	88.61	129.27	80.56	115.17
2.08	87.85	129.23	86.21	114.30
2.09	87.13	130.49	92.35	113.46
2.10	86.59	133.93	98.83	112.60
2.11	86.39	140.04	104.85	111.77
2.12	87.15	148.98	110.10	111.06
2.13	89.24	160.48	114.24	110.28
2.14	93.04	173.08	117.45	109.65
2.15	98.65	185.84	119.62	109.11
2.16	105.57	197.58	121.20	108.62
2.17	113.25	207.54	122.19	108.78
2.18	120.71	215.22	122.91	110.00
2.19	127.38	220.78	123.18	112.91
2.20	133.00	224.20	123.38	117.83
2.21	137.48	226.11	123.09	125.02
2.22	140.94	226.98	122.55	133.94
2.23	143.65	227.21	121.65	144.17
2.24	145.77	227.24	120.57	154.81
2.25	147.25	227.40	119.16	165.03
2.26	148.34	227.45	117.68	174.18
2.27	148.79	227.91	116.00	181.92
2.28	148.71	228.44	114.44	187.88
2.29	148.11	229.06	112.61	192.02
2.30	147.21	229.65	110.76	194.62
2.31	145.92	230.10	108.71	195.95
2.32	144.45	230.23	106.35	196.11
2.33	142.82	230.10	103.61	195.61
2.34	141.27	229.42	100.71	194.79
2.35	139.68	228.28	97.72	193.90
2.36	138.15	226.53	94.90	193.03
2.37	136.55	224.28	92.53	192.54
2.38	134.67	221.15	90.58	192.11
2.39	132.50	217.53	89.24	191.97
2.40	129.76	213.03	88.24	191.79
2.41	126.53	208.10	87.68	191.67
2.42	122.89	202.39	87.24	191.21
2.43	118.95	196.11	86.84	190.32
2.44	115.27	189.38	86.59	188.94
2.45	112.03	182.66	86.00	186.79
2.46	109.47	176.32	85.50	183.84
2.47	107.63	170.85	84.92	179.84
2.48	106.35	166.56	84.37	175.03
2.49	105.42	163.33	83.70	169.21
2.50	104.77	161.12	83.16	162.88
2.51	104.11	159.61	82.66	156.41
2.52	103.36	158.47	82.28	150.31
2.53	102.51	157.50	81.84	145.21
2.54	101.68	156.54	81.48	141.08
2.55	100.88	155.48	81.05	138.09
2.56	100.15	154.30	80.57	136.01
2.57	99.46	152.80	80.12	134.73
2.58	98.89	151.15	79.68	133.85
2.59	98.21	149.46	79.10	133.24
2.60	97.59	147.69	78.63	132.72
2.61	96.92	146.02	78.14	132.27
2.62	96.18	144.45	77.68	131.61
2.63	95.47	142.99	77.17	130.92
2.64	94.64	141.58	76.74	130.13
2.65	93.96	140.26	76.30	129.04
2.66	93.30	138.91	75.91	127.85
2.67	92.64	137.77	75.51	126.56
2.68	91.99	136.54	75.06	125.23
2.69	91.46	135.58	74.48	123.81
2.70	90.81	134.75	74.04	122.48
2.71	90.23	133.93	73.43	121.16
2.72	89.64	133.16	72.98	119.85
2.73	88.99	132.49	72.51	118.69
2.74	88.26	131.62	72.30	117.52
2.75	87.56	130.73	72.59	116.59
2.76	86.82	129.83	73.77	115.68
2.77	86.12	129.01	76.30	114.81
2.78	85.81	128.33	80.29	114.00
2.79	86.13	128.61	85.57	113.26
2.80	87.66	130.10	91.91	112.46
2.81	90.68	134.00	98.69	111.72
2.82	95.53	140.65	105.12	110.95
2.83	101.86	149.92	110.87	110.14
2.84	109.09	161.21	115.61	109.44
2.85	116.52	173.46	119.18	108.79
2.86	123.26	185.56	121.88	108.50
2.87	129.14	196.62	123.65	108.96
2.88	133.74	205.95	124.95	110.69
2.89	137.36	213.20	125.69	114.43
2.90	139.99	218.34	126.27	120.18
2.91	142.07	221.64	126.45	128.05
2.92	143.62	223.54	126.45	137.49
2.93	144.54	224.35	125.93	147.78
2.94	145.06	224.61	125.27	158.27
2.95	145.09	224.61	124.28	168.05
2.96	144.59	224.62	122.99	176.56
2.97	143.61	224.72	121.63	183.44
2.98	142.19	224.95	120.12	188.61
2.99	140.66	225.26	118.57	192.04
3.00	138.91	225.51	116.95	193.96
3.01	137.22	225.56	115.21	194.67
3.02	135.53	225.36	113.40	194.54
3.03	133.84	224.71	111.36	193.79
3.04	131.99	223.87	108.95	192.83
3.05	129.97	222.72	106.22	191.90
3.06	127.49	221.11	103.30	191.13
3.07	124.47	219.21	100.38	190.68
3.08	120.96	216.85	97.66	190.33
3.09	117.19	214.01	95.20	190.13
3.10	113.44	210.58	93.40	189.89
3.11	110.26	206.53	91.88	189.43
3.12	107.67	201.82	90.95	188.66
3.13	105.92	196.40	90.19	187.37
3.14	104.64	190.29	89.72	185.37
3.15	103.86	183.65	89.14	182.69
3.16	103.22	176.60	88.64	179.02
3.17	102.55	169.81	88.11	174.32
3.18	101.95	163.80	87.48	168.53
3.19	101.24	158.95	86.85	162.26
3.20	100.45	155.25	86.27	155.53
3.21	99.75	152.75	85.58	149.27
3.22	99.11	151.03	85.03	143.78
3.23	98.43	149.88	84.52	139.59
3.24	97.80	149.04	83.98	136.41
3.25	97.37	148.24	83.50	134.41
3.26	96.75	147.41	83.01	133.08
3.27	96.10	146.42	82.51	132.34
3.28	95.45	145.35	82.02	131.91
3.29	94.82	144.24	81.53	131.44
3.30	94.05	142.97	81.05	130.98
3.31	93.46	141.67	80.52	130.47
3.32	92.75	140.32	79.96	129.77
3.33	92.19	138.97	79.40	129.08
3.34	91.62	137.57	78.89	128.14
3.35	91.15	136.32	78.44	127.18
3.36	90.59	135.14	77.92	126.06
3.37	90.02	134.07	77.51	124.88
3.38	89.34	133.03	77.09	123.59
3.39	88.69	132.13	76.57	122.30
3.40	88.00	131.36	76.12	120.95
3.41	87.17	130.63	75.66	119.63
3.42	86.48	129.86	75.16	118.37
3.43	85.88	129.04	74.63	117.22
3.44	85.27	128.22	74.08	116.07
3.45	85.23	127.36	73.80	115.14
3.46	85.98	126.46	73.71	114.14
3.47	88.06	125.72	74.39	113.40
3.48	91.74	124.93	76.27	112.56
3.49	97.17	124.85	79.52	111.80
3.50	103.93	125.92	84.38	111.09
3.51	111.30	129.13	90.32	110.39
3.52	118.60	134.92	97.10	109.67
3.53	125.16	143.57	103.78	109.07
3.54	130.52	154.49	109.95	108.45
3.55	134.80	166.78	115.20	108.03
3.56	138.14	179.20	119.29	107.99
3.57	140.67	190.80	122.32	108.79
3.58	142.55	200.68	124.52	110.92
3.59	144.03	208.54	126.01	115.06
3.60	144.90	214.15	127.09	121.13
3.61	145.38	217.90	127.69	129.07
3.62	145.12	220.15	128.14	138.52
3.63	144.53	221.15	128.16	148.72
3.64	143.44	221.52	127.91	158.74
3.65	142.01	221.62	127.30	168.00
3.66	140.44	221.40	126.38	176.01
3.67	138.81	221.49	125.17	182.46
3.68	137.13	221.65	123.75	187.26
3.69	135.57	222.04	122.20	190.52
3.70	133.90	222.62	120.58	192.24
3.71	132.15	223.28	118.91	192.84
3.72	130.04	223.77	117.22	192.52
3.73	127.43	224.19	115.36	191.73
3.74	124.26	224.44	113.41	190.73
3.75	120.40	224.28	111.05	189.88
3.76	116.24	223.83	108.42	189.10
3.77	112.19	222.79	105.41	188.64
3.78	108.72	221.04	102.44	188.28
3.79	106.09	218.54	99.36	188.06
3.80	104.32	215.20	96.66	187.75
3.81	103.24	210.95	94.40	187.20
3.82	102.66	205.86	92.69	186.19
3.83	102.25	199.98	91.37	184.71
3.84	101.90	193.28	90.53	182.31
3.85	101.38	186.09	89.84	178.96
3.86	100.74	178.86	89.39	174.55
3.87	99.98	172.09	88.87	168.91
3.88	99.25	166.42	88.28	162.49
3.89	98.55	162.06	87.64	155.62
3.90	97.94	159.00	87.04	149.04
3.91	97.42	156.95	86.34	143.32
3.92	96.90	155.68	85.70	138.70
3.93	96.42	154.68	85.12	135.59
3.94	95.88	153.89	84.51	133.47
3.95	95.31	153.00	84.12	132.25
3.96	94.55	151.99	83.58	131.57
3.97	93.91	150.72	83.10	131.18
3.98	93.21	149.45	82.69	130.92
3.99	92.47	148.00	82.13	130.66
4.00	91.91	146.39	81.67	130.26
4.01	91.43	144.80	81.08	129.81
4.02	90.82	143.12	80.58	129.09
4.03	90.25	141.52	79.91	128.33
4.04	89.70	139.98	79.40	127.39
4.05	89.14	138.52	78.81	126.23
4.06	88.39	137.31	78.31	125.01
4.07	87.66	136.21	77.76	123.76
4.08	86.90	135.18	77.37	122.40
4.09	86.15	134.30	76.89	121.08
4.10	85.49	133.54	76.45	119.70
4.11	85.08	132.69	75.93	118.35
4.12	85.15	131.77	75.48	117.08
4.13	86.23	130.86	74.93	116.01
4.14	88.72	129.88	74.33	114.81
4.15	92.95	129.02	73.82	114.02
4.16	98.89	128.11	73.26	113.09
4.17	106.09	127.27	72.98	112.25
4.18	113.76	126.69	73.14	111.60
4.19	121.31	126.81	74.02	110.89
4.20	128.04	128.12	76.11	110.25
4.21	133.62	131.46	79.58	109.48
4.22	138.05	137.46	84.54	108.90
4.23	141.60	146.11	90.44	108.28
4.24	144.28	156.94	96.89	107.82
4.25	146.34	169.06	103.13	107.69
4.26	147.83	181.35	108.78	108.17
4.27	148.81	192.85	113.44	109.91
4.28	149.21	202.78	117.06	113.37
4.29	149.06	210.74	119.63	118.88
4.30	148.42	216.61	121.44	126.43
4.31	147.44	220.54	122.65	135.54
4.32	145.97	222.72	123.53	145.63
4.33	144.51	223.80	123.98	155.81
4.34	142.97	224.06	124.17	165.41
4.35	141.35	224.09	124.06	173.98
4.36	139.86	224.02	123.50	180.83
4.37	138.26	224.05	122.71	186.21
4.38	136.63	224.30	121.58	189.79
4.39	134.73	224.80	120.15	191.86
4.40	132.45	225.51	118.58	192.70
4.41	129.73	226.13	116.91	192.56
4.42	126.37	226.53	115.10	191.82
4.43	122.57	226.58	113.26	190.81
4.44	118.62	226.33	111.36	189.79
4.45	114.90	225.60	109.15	188.95
4.46	111.80	224.31	106.79	188.16
4.47	109.35	222.70	104.00	187.86
4.48	107.79	220.44	101.12	187.49
4.49	106.61	217.58	98.13	187.33
4.50	105.79	213.93	95.39	186.81
4.51	105.19	209.49	92.92	186.01
4.52	104.48	204.20	91.05	184.67
4.53	103.85	198.15	89.58	182.70
4.54	103.04	191.44	88.59	179.80
4.55	102.32	184.34	87.90	175.73
4.56	101.64	177.24	87.45	170.64
4.57	100.98	170.55	86.91	164.58
4.58	100.43	164.78	86.46	157.95
4.59	99.92	160.23	85.97	151.42
4.60	99.35	157.03	85.41	145.58
4.61	98.80	155.17	84.83	140.82
4.62	98.15	154.09	84.23	137.31
4.63	97.50	153.58	83.65	134.86
4.64	96.78	153.11	83.11	133.37
4.65	96.11	152.51	82.52	132.43
4.66	95.38	151.60	82.12	131.91
4.67	94.65	150.52	81.56	131.47
4.68	94.08	149.15	81.22	131.05
4.69	93.42	147.61	80.77	130.68
4.70	92.73	145.93	80.40	130.06
4.71	92.15	144.31	79.85	129.48
4.72	91.46	142.74	79.31	128.76
4.73	90.80	141.22	78.78	127.99
4.74	90.16	139.80	78.24	127.00
4.75	89.58	138.43	77.75	125.97
4.76	88.85	137.15	77.27	124.85
4.77	88.29	135.95	76.83	123.59
4.78	87.88	134.91	76.33	122.30
4.79	88.08	133.86	75.95	120.99
4.80	89.33	132.88	75.48	119.59
4.81	92.19	132.07	75.05	118.32
4.82	96.85	131.12	74.54	117.04
4.83	103.16	130.20	74.08	116.04
4.84	110.50	129.28	73.61	115.00
4.85	118.27	128.25	73.02	114.06
4.86	125.59	127.31	72.50	113.21
4.87	132.12	126.48	71.94	112.38
4.88	137.56	125.94	71.63	111.52
4.89	141.98	126.14	71.41	110.73
4.90	145.32	128.00	71.91	109.94
4.91	148.05	132.31	73.16	109.18
4.92	150.10	139.23	75.85	108.42
4.93	151.65	148.98	79.93	107.91
4.94	152.52	160.76	85.27	107.72
4.95	152.89	173.48	91.26	108.30
4.96	152.58	186.02	97.59	110.10
4.97	151.85	197.36	103.52	113.82
4.98	150.71	206.74	108.69	119.55
4.99	149.38	213.95	112.75	127.24
5.00	147.88	219.02	115.75	136.45
5.01	146.45	222.25	117.89	146.49
5.02	144.93	223.96	119.26	156.63
5.03	143.43	224.70	120.10	166.22
5.04	141.95	224.83	120.54	174.52
5.05	140.33	224.84	120.73	181.37
5.06	138.46	224.75	120.69	186.57
5.07	136.27	224.81	120.27	190.13
5.08	133.47	225.12	119.64	192.24
5.09	130.24	225.52	118.66	193.13
5.10	126.44	226.01	117.42	193.18
5.11	122.54	226.56	115.98	192.52
5.12	118.72	226.84	114.35	191.63
5.13	115.48	226.91	112.58	190.73
5.14	112.80	226.53	110.74	189.93
5.15	110.88	225.76	108.71	189.45
5.16	109.57	224.36	106.62	189.06
5.17	108.64	222.46	104.22	188.87
5.18	107.86	219.85	101.61	188.61
5.19	107.14	216.60	98.76	188.26
5.20	106.45	212.64	96.02	187.49
5.21	105.74	208.07	93.46	186.33
5.22	105.02	202.79	91.21	184.54
5.23	104.27	196.74	89.44	181.83
5.24	103.55	190.15	88.11	178.20
5.25	102.82	182.86	87.24	173.41
5.26	102.21	175.45	86.50	167.70
5.27	101.58	168.41	86.01	161.27
5.28	100.81	162.35	85.58	154.72
5.29	100.15	157.83	85.09	148.73
5.30	99.32	154.93	84.66	143.58
5.31	98.62	153.44	84.01	139.54
5.32	97.85	152.83	83.54	136.77
5.33	97.11	152.64	82.89	134.89
5.34	96.41	152.58	82.44	133.78
5.35	95.67	152.36	81.87	133.07
5.36	94.97	151.65	81.35	132.56
5.37	94.27	150.73	80.93	132.16
5.38	93.57	149.41	80.49	131.63
5.39	92.92	147.97	80.07	131.12
5.40	92.16	146.56	79.73	130.42
5.41	91.51	145.18	79.20	129.72
5.42	90.87	143.78	78.83	128.78
5.43	90.29	142.39	78.36	127.78
5.44	89.71	141.12	77.89	126.70
5.45	89.31	139.97	77.38	125.48
5.46	89.44	139.05	76.89	124.24
5.47	90.45	138.23	76.43	122.97
5.48	93.06	137.34	75.94	121.66
5.49	97.45	136.58	75.46	120.40
5.50	103.54	135.53	75.12	119.08
5.51	110.83	134.30	74.67	117.98
5.52	118.58	132.94	74.25	116.83
5.53	126.18	131.44	73.77	115.84
5.54	133.03	130.17	73.33	114.90
5.55	138.71	129.15	72.84	114.15
5.56	143.35	128.26	72.31	113.29
5.57	147.10	127.91	71.73	112.62
5.58	149.92	127.88	71.31	111.92
5.59	152.19	128.73	70.89	111.30
5.60	153.74	131.17	70.70	110.67
5.61	154.69	135.76	70.98	110.04
5.62	155.00	143.07	72.20	109.67
5.63	154.75	152.78	74.65	109.52
5.64	154.00	164.00	78.52	110.11
5.65	152.82	175.90	83.70	111.91
5.66	151.44	187.23	89.70	115.67
5.67	149.99	197.49	96.02	121.35
5.68	148.36	205.97	102.15	129.07
5.69	146.79	212.35	107.54	138.33
5.70	145.31	216.86	111.99	148.35
5.71	143.72	219.80	115.26	158.49
5.72	142.12	221.63	117.66	167.97
5.73	140.15	222.90	119.28	176.19
5.74	137.91	224.04	120.39	182.96
5.75	135.20	225.08	121.01	188.11
5.76	131.72	226.10	121.42	191.54
5.77	127.77	227.19	121.45	193.55
5.78	123.46	227.90	121.25	194.35
5.79	119.27	228.47	120.69	194.36
5.80	115.51	228.80	119.79	193.59
5.81	112.57	228.80	118.57	192.81
5.82	110.34	228.64	117.15	191.87
5.83	108.81	228.41	115.60	191.14
5.84	107.82	227.84	113.95	190.73
5.85	107.14	226.92	112.11	190.48
5.86	106.45	225.48	110.33	190.39
5.87	105.80	223.65	108.33	190.21
5.88	105.05	221.21	106.05	190.14
5.89	104.31	218.31	103.64	189.65
5.90	103.54	214.60	100.88	188.81
5.91	102.85	210.20	97.97	187.33
5.92	102.09	204.84	95.16	185.12
5.93	101.52	198.79	92.53	182.01
5.94	100.87	192.00	90.50	177.84
5.95	100.23	185.06	88.74	172.55
5.96	99.51	178.15	87.60	166.33
5.97	98.78	172.17	86.71	159.60
5.98	97.95	167.28	86.18	152.96
5.99	97.16	163.77	85.69	147.02
6.00	96.37	161.35	85.37	142.24
6.01	95.57	159.72	84.91	138.80
6.02	94.87	158.55	84.40	136.44
6.03	94.23	157.58	83.79	135.00
6.04	93.46	156.51	83.22	134.25
6.05	92.88	155.37	82.65	133.85
6.06	92.27	154.05	82.12	133.47
6.07	91.63	152.61	81.64	133.25
6.08	90.92	150.96	81.15	132.78
6.09	90.28	149.32	80.74	132.22
6.10	89.55	147.55	80.36	131.45
6.11	88.96	145.85	79.96	130.59
6.12	88.28	144.27	79.49	129.57
6.13	87.94	142.85	79.05	128.39
6.14	87.92	141.62	78.63	127.15
6.15	89.24	140.59	78.19	125.84
6.16	91.85	139.75	77.72	124.39
6.17	96.35	138.85	77.26	123.00
6.18	102.56	137.94	76.79	121.67
6.19	109.75	137.01	76.36	120.43
6.20	117.28	135.89	75.94	119.24
6.21	124.51	134.64	75.54	118.17
6.22	130.92	133.26	75.19	117.23
6.23	136.14	132.01	74.77	116.38
6.24	140.35	131.01	74.41	115.52
6.25	143.55	130.16	73.92	114.78
6.26	146.00	129.58	73.48	114.00
6.27	147.90	129.13	72.89	113.29
6.28	149.20	129.04	72.39	112.58
6.29	149.90	129.78	71.87	111.85
6.30	150.02	132.10	71.45	111.09
6.31	149.63	136.91	71.18	110.50
6.32	148.75	144.44	71.50	110.14
6.33	147.45	154.57	72.66	110.58
6.34	145.84	166.37	75.04	112.33
6.35	144.17	178.66	78.94	116.00
6.36	142.57	190.27	84.09	121.81
6.37	140.88	200.62	90.22	129.75
6.38	139.22	209.10	96.78	139.25
6.39	137.61	215.72	103.10	149.66
6.40	135.77	220.39	108.79	160.15
6.41	133.54	223.65	113.34	170.05
6.42	130.83	225.49	116.93	178.61
6.43	127.52	226.64	119.45	185.63
6.44	123.75	227.25	121.28	190.92
6.45	119.79	227.63	122.40	194.55
6.46	115.90	227.96	123.23	196.51
6.47	112.59	228.38	123.60	197.36
6.48	109.97	228.92	123.80	197.27
6.49	108.20	229.43	123.65	196.61
6.50	106.93	229.88	123.14	195.73
6.51	106.08	230.22	122.34	194.90
6.52	105.39	230.10	121.27	194.21
6.53	104.80	229.67	119.94	193.84
6.54	104.12	228.96	118.44	193.61
6.55	103.33	227.77	116.89	193.39
6.56	102.63	226.24	115.28	193.30
6.57	101.80	224.33	113.48	192.97
6.58	101.18	221.66	111.80	192.30
6.59	100.61	218.40	109.86	191.19
6.60	99.90	214.40	107.65	189.47
6.61	99.34	209.80	105.07	187.09
6.62	98.70	204.34	102.28	183.84
6.63	98.00	198.20	99.34	179.59
6.64	97.26	191.59	96.58	174.29
6.65	96.53	184.68	93.96	168.26
6.66	95.77	178.14	91.93	161.52
6.67	95.08	172.31	90.36	154.80
6.68	94.27	167.72	89.19	148.63
6.69	93.60	164.52	88.44	143.46
6.70	92.95	162.38	87.87	139.56
6.71	92.32	161.02	87.41	136.86
6.72	91.71	159.98	87.02	135.17
6.73	91.21	158.92	86.57	134.28
6.74	90.55	157.59	85.99	133.75
6.75	89.95	156.12	85.44	133.49
6.76	89.34	154.49	84.83	133.26
6.77	88.62	152.93	84.29	133.03
6.78	87.89	151.49	83.75	132.60
6.79	87.22	150.13	83.23	132.03
6.80	86.60	148.81	82.74	131.27
6.81	86.45	147.44	82.25	130.45
6.82	86.97	145.86	81.90	129.32
6.83	88.96	144.14	81.43	128.15
6.84	92.55	142.51	80.97	126.79
6.85	97.86	140.90	80.46	125.54
6.86	104.55	139.50	80.01	124.03
6.87	111.95	138.31	79.53	122.76
6.88	119.28	137.25	79.00	121.43
6.89	125.98	136.38	78.51	120.29
6.90	131.67	135.48	78.04	119.20
6.91	136.29	134.69	77.51	118.32
6.92	139.75	133.92	77.03	117.34
6.93	142.49	133.28	76.61	116.52
6.94	144.47	132.56	76.24	115.75
6.95	146.00	131.83	75.85	114.95
6.96	146.81	130.95	75.46	114.00
6.97	147.14	129.98	74.92	113.17
6.98	146.84	129.15	74.39	112.19
6.99	146.12	129.07	73.88	111.34
7.00	144.94	130.61	73.37	110.50
7.01	143.39	134.78	72.90	109.97
7.02	141.69	141.84	72.63	109.91
7.03	140.01	151.92	72.76	110.84
7.04	138.25	163.84	73.80	113.26
7.05	136.52	176.38	76.10	117.67
7.06	134.69	188.45	79.89	124.21
7.07	132.86	198.91	85.05	132.65
7.08	130.59	207.43	91.37	142.40
7.09	127.86	213.87	98.07	152.79
7.10	124.58	218.53	104.76	162.87
7.11	120.92	221.77	110.61	172.16
7.12	117.11	223.96	115.50	180.02
7.13	113.52	225.47	119.22	186.33
7.14	110.50	226.37	122.07	190.79
7.15	108.14	226.95	123.95	193.76
7.16	106.45	227.29	125.39	195.35
7.17	105.41	227.48	126.28	195.84
7.18	104.58	227.93	126.95	195.59
7.19	104.01	228.21	127.26	194.99
7.20	103.41	228.72	127.23	194.12
7.21	102.80	229.25	126.83	193.34
7.22	102.01	229.54	126.15	192.69
7.23	101.36	229.63	125.14	192.29
7.24	100.60	229.03	123.89	192.07
7.25	99.91	227.94	122.37	191.94
7.26	99.25	226.16	120.85	191.77
7.27	98.64	223.82	119.18	191.37
7.28	98.04	220.97	117.65	190.41
7.29	97.44	217.49	115.98	189.12
7.30	96.78	213.61	114.27	186.98
7.31	96.15	209.14	112.21	184.05
7.32	95.42	204.08	109.98	180.13
7.33	94.68	198.28	107.19	175.25
7.34	94.06	191.81	104.23	169.34
7.35	93.35	184.92	101.13	162.96
7.36	92.71	178.23	98.27	156.41
7.37	92.05	172.13	95.68	150.33
7.38	91.46	167.16	93.61	145.10
7.39	90.95	163.56	92.05	141.10
7.40	90.41	161.13	91.05	138.26
7.41	89.92	159.64	90.24	136.35
7.42	89.29	158.71	89.69	135.11
7.43	88.73	158.01	89.21	134.44
7.44	87.98	157.17	88.70	133.91
7.45	87.19	156.12	88.17	133.48
7.46	86.45	154.69	87.55	132.92
7.47	85.83	152.97	86.89	132.36
7.48	85.60	151.06	86.27	131.63
7.49	86.01	149.28	85.64	130.78
7.50	87.55	147.66	85.04	129.76
7.51	90.84	146.17	84.43	128.70
7.52	95.82	144.77	83.93	127.42
7.53	102.27	143.44	83.33	126.17
7.54	109.62	142.04	82.94	124.85
7.55	117.17	140.68	82.44	123.57
7.56	124.14	139.21	81.94	122.26
7.57	130.19	137.97	81.43	121.02
7.58	135.11	136.94	80.81	119.81
7.59	138.97	136.15	80.38	118.70
7.60	141.95	135.54	79.77	117.71
7.61	144.40	135.02	79.23	116.74
7.62	146.11	134.47	78.61	115.91
7.63	147.38	133.85	78.13	115.17
7.64	148.02	132.99	77.64	114.44
7.65	148.06	132.04	77.14	113.72
7.66	147.60	131.01	76.78	113.07
7.67	146.70	130.03	76.22	112.46
7.68	145.41	129.46	75.79	111.65
7.69	143.87	129.68	75.25	111.02
7.70	142.21	131.74	74.74	110.36
7.71	140.58	136.47	74.16	110.00
7.72	138.90	144.02	73.65	110.16
7.73	137.25	154.27	73.27	111.42
7.74	135.52	166.32	73.16	114.33
7.75	133.61	178.68	73.72	119.36
7.76	131.28	190.43	75.46	126.42
7.77	128.53	200.52	78.55	135.40
7.78	125.10	208.68	83.11	145.30
7.79	121.30	214.88	88.89	155.61
7.80	117.37	219.38	95.43	165.43
7.81	113.83	222.41	102.08	174.28
7.82	110.81	224.36	108.23	181.64
7.83	108.47	225.69	113.46	187.30
7.84	106.86	226.61	117.73	191.17
7.85	105.84	227.24	120.73	193.57
7.86	105.08	227.82	122.90	194.72
7.87	104.40	228.31	124.38	194.83
7.88	103.76	228.79	125.37	194.33
7.89	103.02	229.23	125.98	193.53
7.90	102.29	229.74	126.42	192.66
7.91	101.56	230.09	126.46	191.92
7.92	100.85	230.17	126.19	191.32
7.93	100.18	230.00	125.65	190.86
7.94	99.62	229.37	124.66	190.61
7.95	99.09	228.24	123.44	190.27
7.96	98.48	226.66	122.07	189.91
7.97	97.92	224.53	120.45	189.23
7.98	97.28	221.83	118.77	188.08
7.99	96.66	218.62	116.95	186.45
8.00	96.02	214.56	115.21	183.92
8.01	95.34	209.85	113.26	180.57
8.02	94.66	204.26	111.18	176.17
8.03	94.10	198.04	108.73	170.72
8.04	93.44	191.21	106.07	164.43
8.05	92.84	184.32	103.02	157.76
8.06	92.18	177.83	99.99	151.43
8.07	91.55	172.31	97.09	145.80
8.08	90.99	167.91	94.59	141.32
8.09	90.36	164.65	92.47	138.14
8.10	89.74	162.34	90.93	135.95
8.11	89.12	160.79	89.81	134.78
8.12	88.39	159.44	89.04	134.08
8.13	87.75	158.21	88.48	133.66
8.14	87.07	157.07	88.00	133.27
8.15	86.51	155.80	87.53	132.96
8.16	86.49	154.38	86.95	132.46
8.17	87.27	152.98	86.39	131.82
8.18	89.48	151.44	85.69	131.02
8.19	93.44	149.91	85.09	130.14
8.20	99.11	148.25	84.46	129.09
8.21	106.21	146.75	83.92	127.94
8.22	113.88	145.17	83.48	126.64
8.23	121.44	143.69	82.91	125.41
8.24	128.36	142.36	82.43	124.02
8.25	134.21	141.02	81.97	122.66
8.26	138.89	139.81	81.52	121.22
8.27	142.65	138.76	81.03	119.87
8.28	145.53	137.76	80.55	118.63
8.29	147.78	136.80	79.96	117.47
8.30	149.46	135.91	79.46	116.41
8.31	150.61	135.11	78.82	115.49
8.32	151.06	134.31	78.30	114.60
8.33	150.94	133.62	77.76	113.80
8.34	150.36	132.78	77.32	113.06
8.35	149.29	131.97	76.82	112.36
8.36	148.02	131.23	76.40	111.51
8.37	146.50	130.67	75.96	110.81
8.38	144.94	130.43	75.49	110.05
8.39	143.41	131.40	75.06	109.38
8.40	141.87	134.18	74.50	108.94
8.41	140.40	139.63	73.94	108.91
8.42	138.78	147.95	73.49	109.71
8.43	137.00	158.60	72.93	111.94
8.44	134.80	170.76	72.47	116.03
8.45	132.08	183.13	72.12	122.22
8.46	128.86	194.57	72.28	130.34
8.47	125.12	204.25	73.23	139.92
8.48	121.10	211.96	75.47	150.05
8.49	117.22	217.44	79.04	160.10
8.50	113.92	221.16	84.01	169.44
8.51	111.23	223.52	89.94	177.57
8.52	109.42	224.93	96.28	183.91
8.53	108.19	225.87	102.44	188.74
8.54	107.27	226.53	108.00	191.88
8.55	106.56	227.12	112.51	193.62
8.56	105.94	227.68	115.87	194.16
8.57	105.17	228.28	118.23	193.96
8.58	104.37	228.84	119.78	193.25
8.59	103.62	229.50	120.74	192.45
8.60	102.80	229.99	121.30	191.62
8.61	102.14	230.36	121.53	190.96
8.62	101.54	230.40	121.53	190.49
8.63	101.00	230.13	121.25	190.24
8.64	100.42	229.42	120.62	190.05
8.65	99.73	228.13	119.67	189.81
8.66	99.05	226.26	118.49	189.36
8.67	98.35	223.87	116.94	188.64
8.68	97.55	220.83	115.32	187.30
8.69	96.81	217.28	113.51	185.49
8.70	96.02	213.08	111.65	182.50
8.71	95.25	208.32	109.66	178.73
8.72	94.56	202.78	107.65	173.77
8.73	93.96	196.53	105.30	167.81
8.74	93.32	189.81	102.70	161.13
8.75	92.73	183.05	99.92	154.28
8.76	92.12	176.76	97.08	147.99
8.77	91.54	171.50	94.33	142.73
8.78	90.85	167.40	91.90	138.61
8.79	90.21	164.55	89.92	135.88
8.80	89.67	162.59	88.43	134.07
8.81	89.01	161.17	87.33	133.13
8.82	88.48	160.03	86.61	132.56
8.83	88.25	158.91	86.09	132.22
8.84	88.51	157.60	85.64	131.85
8.85	89.98	156.16	85.16	131.51
8.86	93.01	154.58	84.64	131.01
8.87	97.90	152.96	84.18	130.33
8.88	104.34	151.26	83.64	129.60
8.89	111.97	149.55	82.99	128.78
8.90	119.81	147.88	82.48	127.72
8.91	127.25	146.27	81.93	126.59
8.92	133.83	144.72	81.38	125.47
8.93	139.31	143.35	80.97	124.22
8.94	143.69	142.09	80.59	122.82
8.95	147.18	140.84	80.13	121.58
8.96	149.94	139.74	79.84	120.25
8.97	152.02	138.78	79.33	119.08
8.98	153.48	137.84	78.94	117.90
8.99	154.37	136.97	78.49	116.80
9.00	154.64	136.12	78.02	115.80
9.01	154.35	135.33	77.50	114.97
9.02	153.56	134.54	76.99	114.16
9.03	152.38	133.68	76.48	113.41
9.04	151.07	132.81	75.99	112.65
9.05	149.57	131.95	75.54	111.99
9.06	148.02	131.09	75.13	111.21
9.07	146.56	130.63	74.71	110.53
9.08	145.15	130.89	74.27	109.75
9.09	143.67	132.65	73.77	109.11
9.10	141.97	136.74	73.41	108.67
9.11	140.10	143.62	72.85	108.78
9.12	137.87	153.15	72.34	109.77
9.13	135.09	164.66	71.80	112.39
9.14	131.63	176.82	71.30	116.99
9.15	127.71	188.62	70.86	123.63
9.16	123.45	199.14	70.62	132.10
9.17	119.32	207.84	70.90	141.82
9.18	115.71	214.39	72.07	152.02
9.19	112.85	219.22	74.39	162.06
9.20	110.67	222.36	78.24	171.06
9.21	109.32	224.46	83.28	178.79
9.22	108.34	225.85	89.20	184.90
9.23	107.59	226.69	95.48	189.42
9.24	106.93	227.38	101.70	192.34
9.25	106.16	228.04	107.01	194.05
9.26	105.38	228.68	111.40	194.55
9.27	104.57	229.40	114.70	194.43
9.28	103.83	230.05	117.00	193.75
9.29	103.10	230.49	118.43	193.06
9.30	102.37	230.78	119.34	192.24
9.31	101.76	230.89	119.88	191.70
9.32	101.11	230.64	120.10	191.31
9.33	100.38	230.01	120.02	191.11
9.34	99.70	229.06	119.60	190.92
9.35	99.00	227.69	119.04	190.75
9.36	98.15	225.68	118.11	190.47
9.37	97.44	223.15	116.92	189.71
9.38	96.64	219.92	115.51	188.44
9.39	95.90	216.12	113.90	186.62
9.40	95.14	211.59	112.25	183.86
9.41	94.45	206.39	110.48	180.21
9.42	93.86	200.49	108.56	175.47
9.43	93.21	193.95	106.48	169.66
9.44	92.48	186.98	104.21	163.10
9.45	91.77	180.07	101.68	156.23
9.46	91.10	173.93	99.08	149.88
9.47	90.42	168.84	96.29	144.40
9.48	89.80	164.98	93.71	140.15
9.49	89.13	162.42	91.35	137.19
9.50	88.50	160.69	89.49	135.23
9.51	88.23	159.51	88.06	134.11
9.52	88.39	158.53	86.90	133.50
9.53	89.63	157.58	86.26	133.19
9.54	92.48	156.41	85.74	132.84
9.55	97.23	155.16	85.27	132.51
9.56	103.62	153.68	84.84	132.08
9.57	111.09	152.22	84.37	131.46
9.58	118.88	150.58	83.85	130.66
9.59	126.29	148.99	83.23	129.82
9.60	132.88	147.34	82.65	128.74
9.61	138.38	145.75	82.10	127.53
9.62	142.75	144.11	81.62	126.28
9.63	146.23	142.66	81.10	125.01
9.64	148.99	141.33	80.69	123.62
9.65	151.16	140.15	80.24	122.34
9.66	152.57	139.11	79.78	120.95
9.67	153.44	138.24	79.43	119.73
9.68	153.73	137.34	78.97	118.52
9.69	153.42	136.52	78.50	117.46
9.70	152.58	135.69	78.05	116.58
9.71	151.40	134.88	77.50	115.71
9.72	149.96	133.87	77.06	114.98
9.73	148.40	132.94	76.58	114.25
9.74	146.79	131.99	76.10	113.57
9.75	145.28	131.07	75.60	112.86
9.76	143.65	130.38	75.28	112.16
9.77	142.10	130.13	74.82	111.43
9.78	140.37	130.81	74.47	110.72
9.79	138.43	133.62	74.05	110.11
9.80	135.96	138.97	73.59	109.80
9.81	133.03	147.21	73.15	110.08
9.82	129.32	158.02	72.62	111.40
9.83	125.25	170.40	72.08	114.56
9.84	120.97	182.85	71.52	119.59
9.85	117.00	194.47	71.00	126.85
9.86	113.69	204.43	70.59	135.82
9.87	111.07	212.29	70.42	145.78
9.88	109.26	218.08	70.82	156.04
9.89	108.10	222.10	72.08	166.04
9.90	107.30	224.72	74.77	174.93
9.91	106.71	226.40	78.80	182.50
9.92	106.08	227.34	84.12	188.23
9.93	105.40	228.05	90.26	192.46
9.94	104.55	228.45	96.75	194.95
9.95	103.76	229.09	102.85	196.21
9.96	103.02	229.62	108.23	196.54
9.97	102.31	230.40	112.57	196.13
9.98	101.69	231.19	115.82	195.39
9.99	101.06	231.76	118.11	194.62
10.00	100.36	232.21	119.69	193.87
10.01	99.76	232.30	120.66	193.45
10.02	98.89	232.07	121.30	193.23
10.03	98.11	231.38	121.66	193.17
10.04	97.25	230.22	121.67	192.99
10.05	96.44	228.55	121.44	192.82
10.06	95.56	226.30	120.82	192.32
10.07	94.83	223.63	119.98	191.50
10.08	94.10	220.25	118.86	190.10
10.09	93.44	216.28	117.45	188.16
10.10	92.76	211.58	115.94	185.26
10.11	92.19	206.23	114.22	181.49
10.12	91.54	200.04	112.50	176.70
10.13	90.99	193.39	110.73	171.09
10.14	90.39	186.50	108.85	164.68
10.15	89.80	179.86	106.70	158.13
10.16	89.08	174.04	104.40	152.01
10.17	88.42	169.34	101.69	146.76
10.18	87.66	165.81	98.94	142.62
10.19	87.18	163.42	96.19	139.70
10.20	86.89	161.75	93.63	137.70
10.21	87.33	160.51	91.46	136.48
10.22	88.90	159.44	89.74	135.70
10.23	92.14	158.47	88.41	135.17
10.24	97.14	157.31	87.56	134.58
10.25	103.53	156.10	86.94	134.10
10.26	110.92	154.67	86.48	133.45
10.27	118.37	153.17	85.99	132.68
10.28	125.28	151.51	85.59	131.81
10.29	131.24	149.82	85.02	130.89
10.30	136.09	148.03	84.51	129.76
10.31	139.99	146.32	83.95	128.64
10.32	142.93	144.73	83.42	127.36
10.33	145.23	143.35	82.81	126.14
10.34	146.91	142.06	82.32	124.93
10.35	148.14	141.00	81.81	123.59
10.36	148.63	139.87	81.41	122.34
10.37	148.77	138.96	80.91	121.11
10.38	148.15	138.05	80.55	119.91
10.39	147.12	137.15	80.04	118.91
10.40	145.66	136.28	79.67	117.83
10.41	144.06	135.38	79.15	116.97
10.42	142.27	134.41	78.68	116.17
10.43	140.60	133.54	78.17	115.40
10.44	138.80	132.61	77.68	114.62
10.45	137.11	131.79	77.25	113.89
10.46	135.25	131.02	76.83	113.09
10.47	133.23	130.98	76.40	112.30
10.48	130.67	132.01	76.06	111.60
10.49	127.57	135.29	75.71	111.01
10.50	123.92	141.27	75.28	110.64
10.51	119.92	150.31	74.79	111.06
10.52	116.12	161.67	74.30	112.60
10.53	112.48	174.44	73.73	116.15
10.54	109.64	187.00	73.21	121.64
10.55	107.51	198.61	72.61	129.29
10.56	106.18	208.29	72.10	138.55
10.57	105.33	215.79	71.72	148.89
10.58	104.64	221.10	71.72	159.33
10.59	104.24	224.58	72.30	169.18
10.60	103.67	226.64	74.01	177.90
10.61	102.88	227.92	77.03	185.04
10.62	102.19	228.72	81.52	190.52
10.63	101.52	229.25	87.11	194.24
10.64	100.77	229.57	93.57	196.51
10.65	100.16	230.11	100.10	197.41
10.66	99.59	230.52	106.25	197.43
10.67	99.08	231.01	111.52	196.95
10.68	98.44	231.49	115.77	196.17
10.69	97.86	231.90	118.96	195.32
10.70	97.19	232.15	121.21	194.63
10.71	96.49	232.18	122.72	194.21
10.72	95.69	231.75	123.74	194.01
10.73	94.99	231.00	124.35	193.84
10.74	94.18	229.53	124.65	193.70
10.75	93.56	227.58	124.65	193.42
10.76	92.87	225.11	124.34	192.75
10.77	92.23	222.08	123.72	191.73
10.78	91.64	218.42	122.90	189.99
10.79	91.13	214.21	121.69	187.71
10.80	90.65	209.22	120.45	184.49
10.81	90.04	203.63	118.81	180.52
10.82	89.42	197.27	117.37	175.48
10.83	88.77	190.56	115.69	169.62
10.84	88.08	183.68	113.98	163.22
10.85	87.41	177.33	112.15	156.83
10.86	86.70	172.00	110.13	150.90
10.87	86.12	167.85	107.77	145.94
10.88	85.80	164.75	105.14	142.03
10.89	86.14	162.72	102.33	139.16
10.90	87.60	161.07	99.45	137.34
10.91	90.57	159.87	96.64	136.20
10.92	95.27	158.76	94.25	135.42
10.93	101.57	157.45	92.25	134.83
10.94	108.82	156.08	90.81	134.34
10.95	116.38	154.64	89.72	133.83
10.96	123.39	153.01	89.02	133.14
10.97	129.59	151.44	88.41	132.41
10.98	134.62	149.60	87.97	131.47
10.99	138.62	147.88	87.52	130.45
11.00	141.70	146.24	86.96	129.29
11.01	144.06	144.67	86.47	128.00
11.02	145.89	143.09	85.87	126.67
11.03	147.18	141.81	85.24	125.34
11.04	147.80	140.39	84.66	123.92
11.05	147.96	139.31	84.12	122.57
11.06	147.51	138.32	83.58	121.22
11.07	146.65	137.49	83.02	119.96
11.08	145.28	136.58	82.57	118.83
11.09	143.81	135.81	82.14	117.75
11.10	142.15	134.83	81.70	116.89
11.11	140.52	133.93	81.26	116.05
11.12	138.80	132.90	80.81	115.30
11.13	137.17	131.83	80.32	114.67
11.14	135.43	130.76	79.84	114.01
11.15	133.46	129.89	79.29	113.34
11.16	131.13	129.09	78.82	112.58
11.17	128.24	129.01	78.31	111.81
11.18	124.83	130.24	77.85	111.01
11.19	120.98	133.65	77.31	110.38
11.20	117.01	139.92	77.02	109.85
11.21	113.43	149.06	76.44	109.88
11.22	110.40	160.52	76.08	110.82
11.23	108.14	173.16	75.51	113.46
11.24	106.60	185.60	75.05	118.12
11.25	105.71	197.01	74.46	124.75
11.26	104.96	206.49	73.91	133.27
11.27	104.43	213.79	73.37	143.07
11.28	103.78	218.92	73.09	153.34
11.29	103.14	222.37	73.04	163.39
11.30	102.45	224.33	73.71	172.55
11.31	101.77	225.61	75.55	180.34
11.32	101.04	226.33	78.92	186.47
11.33	100.40	226.89	83.70	190.94
11.34	99.81	227.40	89.74	193.78
11.35	99.28	227.93	96.47	195.39
11.36	98.71	228.50	103.25	195.73
11.37	98.09	229.05	109.55	195.46
11.38	97.40	229.47	114.83	194.76
11.39	96.72	229.72	118.94	193.93
11.40	95.96	229.87	122.03	193.15
11.41	95.24	229.90	124.10	192.56
11.42	94.54	229.62	125.54	192.15
11.43	93.85	228.83	126.50	191.85
11.44	93.23	227.61	127.08	191.66
11.45	92.64	225.86	127.43	191.35
11.46	92.05	223.35	127.57	190.80
11.47	91.57	220.20	127.25	189.76
11.48	90.98	216.46	126.68	188.16
11.49	90.44	212.01	125.80	185.88
11.50	89.83	206.89	124.69	182.75
11.51	89.12	201.09	123.28	178.79
11.52	88.41	194.58	121.69	173.70
11.53	87.70	187.70	120.04	167.64
11.54	86.98	180.88	118.39	161.11
11.55	86.40	174.65	116.66	154.61
11.56	85.99	169.40	114.86	148.64
11.57	86.14	165.34	112.82	143.69
11.58	87.20	162.48	110.50	139.92
11.59	89.79	160.58	107.74	137.40
11.60	94.02	159.07	104.76	135.80
11.61	99.96	157.86	101.54	134.84
11.62	107.10	156.56	98.46	134.27
11.63	114.78	155.33	95.65	133.90
11.64	122.12	153.93	93.37	133.42
11.65	128.77	152.70	91.68	132.89
11.66	134.33	151.32	90.55	132.28
11.67	138.84	149.91	89.77	131.46
11.68	142.40	148.40	89.27	130.59
11.69	145.14	146.84	88.89	129.57
11.70	147.21	145.16	88.51	128.45
11.71	148.83	143.68	88.00	127.31
11.72	149.83	142.09	87.46	126.11
11.73	150.36	140.71	86.76	124.96
11.74	150.26	139.37	86.08	123.58
11.75	149.66	138.26	85.35	122.40
11.76	148.63	137.28	84.70	121.09
11.77	147.38	136.47	84.01	119.87
11.78	145.86	135.51	83.48	118.76
11.79	144.32	134.65	82.85	117.76
11.80	142.68	133.72	82.46	116.69
11.81	141.21	132.78	82.07	115.76
11.82	139.51	131.92	81.53	114.84
11.83	137.87	130.98	81.04	114.07
11.84	136.00	130.13	80.56	113.17
11.85	133.70	129.47	79.95	112.51
11.86	130.81	128.94	79.46	111.77
11.87	127.41	129.18	78.86	110.99
11.88	123.46	130.81	78.27	110.31
11.89	119.62	134.78	77.71	109.71
11.90	115.97	141.64	77.24	109.24
11.91	113.01	151.09	76.71	109.11
11.92	110.58	162.53	76.24	109.77
11.93	108.97	174.86	75.79	111.86
11.94	107.87	186.75	75.40	115.87
11.95	107.01	197.50	74.86	121.87
11.96	106.36	206.16	74.34	129.83
11.97	105.78	212.97	73.79	139.22
11.98	105.07	217.61	73.29	149.37
11.99	104.32	220.79	72.84	159.50
12.00	103.50	222.56	72.50	168.92
12.01	102.85	223.56	72.67	177.01
12.02	102.18	224.12	73.59	183.54
12.03	101.53	224.53	75.73	188.47
12.04	100.94	224.98	79.35	191.79
12.05	100.38	225.63	84.33	193.64
12.06	99.70	226.11	90.38	194.35
12.07	99.03	226.74	96.82	194.37
12.08	98.29	227.26	103.19	193.71
12.09	97.54	227.58	108.84	192.96
12.10	96.73	227.53	113.62	192.15
12.11	96.07	227.42	117.20	191.56
12.12	95.27	226.75	119.85	191.12
12.13	94.66	225.75	121.77	190.72
12.14	93.96	224.29	123.05	190.44
12.15	93.37	222.48	123.86	190.07
12.16	92.78	219.97	124.45	189.45
12.17	92.19	216.97	124.65	188.61
12.18	91.60	213.21	124.50	187.32
12.19	91.08	208.69	123.98	185.38
12.20	90.42	203.43	123.27	182.48
12.21	89.83	197.43	122.05	178.66
12.22	89.21	190.80	120.63	173.73
12.23	88.60	183.86	119.11	167.76
12.24	88.00	177.03	117.42	161.14
12.25	87.89	171.02	115.63	154.63
12.26	88.39	166.06	113.88	148.73
12.27	90.22	162.39	112.04	143.83
12.28	93.78	159.90	109.99	140.21
12.29	99.14	158.24	107.62	137.59
12.30	105.93	157.00	104.96	135.99
12.31	113.65	155.95	102.01	135.01
12.32	121.43	154.87	99.00	134.33
12.33	128.65	153.70	96.07	133.91
12.34	134.89	152.41	93.49	133.34
12.35	140.02	150.90	91.40	132.78
12.36	144.09	149.30	89.73	132.16
12.37	147.46	147.71	88.62	131.35
12.38	150.03	146.05	87.83	130.47
12.39	152.06	144.44	87.28	129.46
12.40	153.51	142.78	86.87	128.33
12.41	154.24	141.18	86.43	127.15
12.42	154.44	139.51	85.89	125.80
12.43	154.08	138.19	85.43	124.48
12.44	153.19	136.95	84.86	123.08
12.45	152.09	135.98	84.22	121.71
12.46	150.58	135.06	83.73	120.36
12.47	149.12	134.30	83.09	119.12
12.48	147.69	133.52	82.63	118.14
12.49	146.19	132.87	82.15	117.20
12.50	144.75	132.03	81.67	116.40
12.51	143.30	131.20	81.20	115.69
12.52	141.69	130.28	80.74	114.98
12.53	139.80	129.41	80.22	114.27
12.54	137.48	128.45	79.68	113.48
12.55	134.71	127.79	79.19	112.76
12.56	131.31	127.60	78.59	111.93
12.57	127.43	128.62	78.03	111.25
12.58	123.27	131.70	77.54	110.51
12.59	119.42	137.56	77.09	109.91
12.60	116.05	146.29	76.63	109.49
12.61	113.43	157.44	76.26	109.61
12.62	111.44	169.64	75.87	110.45
12.63	110.25	182.06	75.45	112.77
12.64	109.29	193.43	75.01	116.86
12.65	108.57	203.01	74.55	123.17
12.66	107.83	210.44	74.09	131.22
12.67	107.12	215.96	73.58	140.71
12.68	106.23	219.64	73.00	150.78
12.69	105.53	221.94	72.52	160.90
12.70	104.78	223.32	72.05	170.20
12.71	104.17	224.14	71.62	178.17
12.72	103.49	224.61	71.58	184.56
12.73	102.88	225.01	72.07	189.33
12.74	102.22	225.42	73.74	192.40
12.75	101.59	225.96	76.55	194.15
12.76	100.81	226.54	80.99	194.75
12.77	100.01	227.09	86.39	194.55
12.78	99.16	227.43	92.59	193.87
12.79	98.41	227.67	98.85	193.01
12.80	97.60	227.39	104.68	192.23
12.81	96.92	226.88	109.55	191.48
12.82	96.18	226.11	113.44	191.06
12.83	95.58	224.95	116.19	190.73
12.84	94.89	223.35	118.08	190.52
12.85	94.32	221.30	119.24	190.37
12.86	93.58	218.45	119.87	189.93
12.87	92.87	214.90	120.22	189.18
12.88	92.10	210.75	120.26	187.90
12.89	91.40	205.69	120.04	185.87
12.90	90.78	199.71	119.50	182.93
12.91	90.14	193.25	118.69	179.12
12.92	89.57	186.21	117.65	174.12
12.93	89.32	179.03	116.25	168.17
12.94	89.61	172.47	114.70	161.58
12.95	90.89	166.74	112.98	154.84
12.96	93.79	162.29	111.18	148.69
12.97	98.40	159.36	109.28	143.50
12.98	104.67	157.31	107.14	139.42
12.99	112.08	156.05	104.81	136.67
13.00	119.79	155.20	102.32	134.92
13.01	127.25	154.35	99.58	133.90
13.02	133.87	153.39	96.72	133.35
13.03	139.39	152.33	94.01	133.02
13.04	143.95	151.07	91.54	132.72
13.05	147.59	149.66	89.45	132.32
13.06	150.38	148.11	87.81	131.77
13.07	152.69	146.45	86.68	131.14
13.08	154.21	144.73	85.83	130.26
13.09	155.18	143.19	85.32	129.40
13.10	155.51	141.63	84.88	128.25
13.11	155.28	140.13	84.51	127.24
13.12	154.52	138.85	84.15	125.97
13.13	153.51	137.76	83.75	124.77
13.14	152.20	136.63	83.30	123.36
13.15	150.81	135.64	82.73	122.07
13.16	149.26	134.64	82.21	120.63
13.17	147.77	133.81	81.57	119.38
13.18	146.24	132.95	81.12	118.16
13.19	144.71	132.13	80.58	117.18
13.20	143.05	131.27	80.14	116.28
13.21	141.13	130.44	79.65	115.64
13.22	138.86	129.54	79.25	114.81
13.23	136.18	128.55	78.84	114.16
13.24	132.90	127.60	78.47	113.54
13.25	128.95	127.01	78.04	112.84
13.26	124.76	127.23	77.57	112.09
13.27	120.57	129.20	77.14	111.35
13.28	116.75	133.71	76.61	110.64
13.29	113.72	141.11	76.14	110.01
13.30	111.37	151.26	75.66	109.60
13.31	109.86	163.34	75.26	109.83
13.32	108.80	176.07	74.82	111.14
13.33	108.05	188.21	74.39	114.07
13.34	107.27	198.79	74.01	118.95
13.35	106.48	207.34	73.57	126.00
13.36	105.66	213.78	73.17	134.68
13.37	104.91	218.14	72.58	144.45
13.38	104.12	221.00	72.17	154.69
13.39	103.36	222.69	71.62	164.53
13.40	102.68	223.65	71.12	173.40
13.41	101.99	224.31	70.68	180.80
13.42	101.26	224.78	70.34	186.70
13.43	100.60	225.26	70.29	190.91
13.44	99.82	225.81	70.99	193.50
13.45	99.08	226.51	72.68	194.85
13.46	98.24	227.01	75.79	195.19
13.47	97.51	227.57	80.23	194.85
13.48	96.63	227.93	85.78	194.10
13.49	95.90	228.17	92.04	193.43
13.50	95.10	228.03	98.33	192.70
13.51	94.32	227.55	104.07	192.24
13.52	93.57	226.57	108.96	192.01
13.53	92.97	225.04	112.86	191.90
13.54	92.32	223.15	115.61	191.77
13.55	91.65	220.56	117.46	191.62
13.56	91.03	217.36	118.63	191.17
13.57	90.53	213.46	119.37	190.33
13.58	89.74	208.89	119.81	188.95
13.59	89.20	203.55	119.87	186.96
13.60	88.54	197.38	119.84	183.90
13.61	88.00	190.72	119.46	180.12
13.62	87.66	183.65	118.77	175.00
13.63	88.11	176.85	117.79	168.98
13.64	89.61	170.86	116.51	162.14
13.65	92.72	165.97	115.07	155.16
13.66	97.70	162.44	113.40	148.70
13.67	104.26	159.96	111.66	143.23
13.68	111.68	158.26	109.88	139.09
13.69	119.26	157.14	108.03	136.34
13.70	126.36	156.10	105.88	134.61
13.71	132.61	155.03	103.56	133.67
13.72	137.61	153.76	100.94	133.22
13.73	141.74	152.38	98.32	133.06
13.74	144.83	150.73	95.60	132.78
13.75	147.12	149.15	93.09	132.51
13.76	148.84	147.51	90.95	132.03
13.77	150.08	145.96	89.13	131.43
13.78	150.64	144.38	87.87	130.67
13.79	150.61	142.88	86.88	129.81
13.80	150.02	141.47	86.34	128.85
13.81	149.03	140.15	85.75	127.66
13.82	147.68	138.83	85.33	126.43
13.83	146.16	137.63	84.86	125.22
13.84	144.51	136.52	84.35	123.74
13.85	142.85	135.50	83.78	122.49
13.86	141.19	134.52	83.25	121.17
13.87	139.61	133.69	82.68	119.96
13.88	137.87	132.75	82.10	118.80
13.89	135.90	132.02	81.64	117.79
13.90	133.58	131.10	81.11	116.82
13.91	130.88	130.21	80.71	115.97
13.92	127.46	129.27	80.24	115.28
13.93	123.69	128.48	79.79	114.63
13.94	119.67	127.76	79.40	113.86
13.95	115.85	127.91	78.90	113.26
13.96	112.50	129.35	78.40	112.51
13.97	109.96	132.95	77.95	111.89
13.98	108.09	139.42	77.47	111.14
13.99	106.87	148.75	76.93	110.62
14.00	106.04	160.15	76.47	110.31
14.01	105.33	172.59	76.00	110.76
14.02	104.66	184.79	75.53	112.43
14.03	103.95	195.84	75.16	116.08
14.04	103.25	205.18	74.79	121.69
14.05	102.52	212.47	74.39	129.39
14.06	101.73	217.67	74.00	138.60
14.07	101.14	221.08	73.59	148.82
14.08	100.42	223.24	73.10	159.11
14.09	99.87	224.43	72.64	168.93
14.10	99.25	225.11	72.06	177.53
14.11	98.60	225.63	71.55	184.56
14.12	97.90	225.83	71.04	190.05
14.13	97.11	226.13	70.77	193.75
14.14	96.27	226.44	70.76	196.00
14.15	95.45	226.73	71.56	197.08
14.16	94.67	227.06	73.39	197.23
14.17	93.99	227.37	76.60	196.81
14.18	93.32	227.66	81.21	196.10
14.19	92.75	227.68	86.93	195.46
14.20	92.09	227.47	93.35	194.86
14.21	91.49	226.81	99.75	194.57
14.22	90.98	225.64	105.66	194.38
14.23	90.42	224.06	110.61	194.35
14.24	89.79	221.84	114.55	194.28
14.25	89.15	219.03	117.45	194.10
14.26	88.37	215.53	119.47	193.58
14.27	87.62	211.25	120.83	192.68
14.28	86.94	206.24	121.68	191.12
14.29	86.23	200.44	122.15	189.06
14.30	85.75	194.01	122.45	186.11
14.31	85.75	187.11	122.42	182.20
14.32	86.59	180.23	122.06	177.35
14.33	88.78	174.11	121.57	171.65
14.34	92.58	169.06	120.61	165.09
14.35	98.26	165.37	119.45	158.49
14.36	104.99	162.83	118.10	152.18
14.37	112.38	161.19	116.60	146.81
14.38	119.61	159.69	115.03	142.55
14.39	126.23	158.30	113.34	139.62
14.40	131.79	156.84	111.60	137.62
14.41	136.21	155.19	109.73	136.45
14.42	139.63	153.41	107.62	135.70
14.43	142.20	151.71	105.09	135.26
14.44	144.11	150.02	102.46	134.88
14.45	145.45	148.69	99.52	134.45
14.46	146.31	147.38	96.66	133.83
14.47	146.61	146.04	93.99	133.24
14.48	146.33	144.68	91.75	132.41
14.49	145.52	143.17	89.97	131.39
14.50	144.28	141.66	88.68	130.37
14.51	142.84	140.29	87.91	129.15
14.52	141.24	139.00	87.31	127.81
14.53	139.57	138.06	86.86	126.43
14.54	137.95	136.89	86.55	125.08
14.55	136.28	135.95	86.12	123.75
14.56	134.47	135.04	85.66	122.39
14.57	132.63	134.22	84.99	121.10
14.58	130.41	133.48	84.49	119.90
14.59	127.61	132.89	83.92	118.94
14.60	124.21	132.24	83.28	117.91
14.61	120.49	131.60	82.79	117.09
14.62	116.52	130.84	82.32	116.27
14.63	112.86	130.14	81.76	115.54
14.64	109.73	129.64	81.40	114.79
14.65	107.40	130.02	80.92	114.05
14.66	105.79	132.08	80.49	113.30
14.67	104.65	136.58	80.05	112.56
14.68	103.95	144.14	79.54	111.85
14.69	103.42	154.41	79.15	111.32
14.70	102.79	166.59	78.66	111.09
14.71	102.18	179.56	78.20	111.90
14.72	101.39	191.82	77.69	113.93
14.73	100.63	202.52	77.23	118.05
14.74	99.98	211.11	76.84	124.17
14.75	99.31	217.41	76.44	132.39
14.76	98.80	221.68	76.08	141.98
14.77	98.12	224.24	75.67	152.42
14.78	97.62	225.83	75.17	162.63
14.79	97.06	226.65	74.74	172.13
14.80	96.38	227.08	74.19	180.23
14.81	95.69	227.34	73.70	186.85
14.82	94.90	227.69	73.23	191.73
14.83	94.19	228.06	72.65	195.00
14.84	93.40	228.51	72.33	196.76
14.85	92.70	228.97	72.22	197.40
14.86	91.99	229.40	72.88	197.26
14.87	91.45	229.66	74.57	196.59
14.88	90.87	229.80	77.71	195.75
14.89	90.31	229.58	82.37	195.05
14.90	89.87	228.89	88.23	194.38
14.91	89.32	227.86	94.81	194.04
14.92	88.74	226.24	101.49	193.89
14.93	88.06	224.08	107.70	193.70
14.94	87.23	221.30	112.96	193.42
14.95	86.58	217.92	117.18	192.94
14.96	85.83	213.80	120.25	192.13
14.97	85.21	209.15	122.41	190.81
14.98	84.74	203.83	123.89	188.84
14.99	84.79	197.80	124.85	186.18
15.00	85.57	191.31	125.53	182.67
15.01	87.69	184.67	125.83	178.26
15.02	91.35	178.12	125.96	172.82
15.03	96.80	172.44	125.72	166.66
15.04	103.54	167.68	125.24	160.12
15.05	111.15	164.28	124.40	153.87
15.06	118.49	161.73	123.34	148.27
15.07	125.35	159.86	122.01	143.81
15.08	131.03	158.45	120.61	140.41
15.09	135.69	157.39	119.14	138.05
15.10	139.21	156.40	117.53	136.56
15.11	141.99	155.33	115.90	135.67
15.12	144.17	154.05	114.24	135.01
15.13	145.78	152.60	112.27	134.52
15.14	146.85	150.87	110.00	134.08
15.15	147.38	149.07	107.42	133.49
15.16	147.43	147.32	104.42	132.84
15.17	146.92	145.72	101.28	132.02
15.18	145.96	144.33	98.16	131.09
15.19	144.65	142.91	95.28	130.02
15.20	143.14	141.63	93.07	128.77
15.21	141.50	140.34	91.29	127.55
15.22	139.87	139.05	90.06	126.16
15.23	138.21	137.86	89.34	124.87
15.24	136.58	136.68	88.82	123.49
15.25	134.81	135.73	88.45	122.12
15.26	132.78	134.78	88.06	120.85
15.27	130.42	133.97	87.58	119.75
15.28	127.44	133.17	87.04	118.56
15.29	123.94	132.43	86.43	117.59
15.30	120.09	131.56	85.79	116.69
15.31	116.18	130.58	85.27	115.84
15.32	112.55	129.52	84.65	115.04
15.33	109.65	128.72	84.10	114.35
15.34	107.46	128.23	83.55	113.60
15.35	106.07	129.06	83.06	112.87
15.36	104.99	131.94	82.69	112.11
15.37	104.29	137.59	82.28	111.41
15.38	103.56	146.17	81.84	110.76
15.39	103.05	157.05	81.33	110.19
15.40	102.24	169.32	80.78	110.21
15.41	101.47	181.72	80.22	111.07
15.42	100.77	193.29	79.68	113.30
15.43	99.97	203.25	79.09	117.62
15.44	99.35	211.09	78.52	124.05
15.45	98.76	217.07	78.00	132.30
15.46	98.16	221.08	77.62	141.98
15.47	97.60	223.70	77.00	152.19
15.48	96.92	225.24	76.65	162.20
15.49	96.42	226.08	76.20	171.50
15.50	95.69	226.40	75.79	179.36
15.51	95.09	226.72	75.28	185.63
15.52	94.40	226.81	74.75	190.26
15.53	93.69	227.03	74.25	193.27
15.54	93.04	227.31	73.69	194.88
15.55	92.36	227.54	73.23	195.34
15.56	91.78	227.76	72.95	195.14
15.57	91.18	227.96	73.11	194.41
15.58	90.59	227.93	74.17	193.59
15.59	90.14	227.67	76.38	192.89
15.60	89.53	227.06	80.27	192.16
15.61	88.87	225.92	85.42	191.73
15.62	88.20	224.19	91.71	191.51
15.63	87.46	221.69	98.43	191.31
15.64	86.74	218.43	104.96	191.03
15.65	86.07	214.46	110.83	190.57
15.66	85.53	209.86	115.69	189.66
15.67	85.27	204.62	119.33	188.27
15.68	85.67	198.82	122.03	186.20
15.69	87.25	192.58	123.76	183.28
15.70	90.31	185.94	125.16	179.33
15.71	95.24	179.38	126.04	174.22
15.72	101.67	173.14	126.68	168.30
15.73	109.19	167.80	127.03	161.74
15.74	116.80	163.57	127.01	155.20
15.75	124.09	160.44	126.67	149.21
15.76	130.39	158.35	125.98	144.23
15.77	135.67	156.97	124.95	140.48
15.78	139.79	156.01	123.56	137.76
15.79	143.09	155.30	122.10	136.05
15.80	145.65	154.44	120.46	134.94
15.81	147.61	153.45	118.87	134.30
15.82	148.99	152.22	117.09	133.77
15.83	149.80	150.72	115.33	133.34
15.84	150.04	149.04	113.51	132.84
15.85	149.73	147.38	111.37	132.22
15.86	149.02	145.74	108.92	131.54
15.87	147.85	144.06	106.10	130.61
15.88	146.48	142.48	103.02	129.66
15.89	145.00	140.90	99.98	128.53
15.90	143.46	139.53	97.02	127.37
15.91	141.88	138.21	94.44	126.03
15.92	140.41	137.25	92.44	124.71
15.93	138.83	136.29	90.93	123.39
15.94	137.14	135.35	89.90	122.04
15.95	135.16	134.52	89.20	120.84
15.96	132.81	133.51	88.73	119.60
15.97	129.92	132.59	88.26	118.46
15.98	126.49	131.68	87.76	117.45
15.99	122.59	130.81	87.18	116.53
16.00	118.64	129.91	86.54	115.72
16.01	115.11	129.18	85.91	114.85
16.02	112.03	128.57	85.30	114.10
16.03	109.72	128.22	84.65	113.36
16.04	108.08	128.35	84.11	112.64
16.05	107.01	129.81	83.54	111.88
16.06	106.20	133.26	83.05	111.19
16.07	105.53	139.44	82.63	110.46
16.08	104.81	148.28	82.05	109.86
16.09	104.07	159.33	81.59	109.54
16.10	103.36	171.61	81.07	109.96
16.11	102.54	184.03	80.61	111.52
16.12	101.86	195.42	80.09	114.93
16.13	101.30	205.21	79.52	120.22
16.14	100.61	212.65	78.98	127.61
16.15	100.02	218.03	78.49	136.65
16.16	99.30	221.69	77.99	146.60
16.17	98.72	223.73	77.38	156.80
16.18	98.04	224.80	76.86	166.39
16.19	97.34	225.40	76.37	174.84
16.20	96.54	225.55	75.91	181.91
16.21	95.77	225.79	75.46	187.28
16.22	94.98	226.06	75.09	190.92
16.23	94.30	226.48	74.64	193.21
16.24	93.57	226.92	74.27	194.17
16.25	92.96	227.45	73.73	194.18
16.26	92.35	227.74	73.29	193.73
16.27	91.76	227.94	72.79	192.96
16.28	91.24	227.85	72.47	192.15
16.29	90.59	227.30	72.66	191.48
16.30	90.03	226.31	73.79	191.00
16.31	89.44	224.95	76.13	190.79
16.32	88.74	222.97	79.96	190.62
16.33	88.09	220.41	85.05	190.53
16.34	87.47	217.24	91.14	190.14
16.35	86.93	213.49	97.59	189.49
16.36	86.73	208.98	103.73	188.27
16.37	87.56	203.89	109.12	186.46
16.38	89.66	198.02	113.42	183.85
16.39	93.54	191.54	116.75	180.29
16.40	99.25	184.80	119.01	175.72
16.41	106.40	178.20	120.45	170.00
16.42	114.21	172.42	121.38	163.72
16.43	122.06	167.72	121.89	157.07
16.44	129.09	164.18	122.09	150.81
16.45	135.16	161.74	122.06	145.40
16.46	140.11	160.01	121.75	141.10
16.47	144.01	158.82	121.15	137.96
16.48	147.20	157.62	120.27	136.00
16.49	149.63	156.41	119.11	134.69
16.50	151.59	155.07	117.71	133.95
16.51	152.91	153.56	116.10	133.51
16.52	153.59	151.88	114.46	133.03
16.53	153.77	150.19	112.67	132.60
16.54	153.34	148.56	110.73	132.03
16.55	152.52	146.95	108.70	131.37
16.56	151.34	145.44	106.51	130.62
16.57	150.02	144.00	103.92	129.65
16.58	148.61	142.61	101.11	128.64
16.59	147.20	141.30	98.28	127.51
16.60	145.73	140.04	95.51	126.32
16.61	144.21	138.81	92.87	125.02
16.62	142.65	137.67	90.75	123.67
16.63	140.95	136.69	89.10	122.34
16.64	138.99	135.62	87.90	121.01
16.65	136.68	134.72	87.04	119.76
16.66	133.79	133.88	86.51	118.62
16.67	130.33	133.02	86.09	117.64
16.68	126.45	132.08	85.66	116.73
16.69	122.32	131.29	85.29	115.99
16.70	118.50	130.40	84.71	115.12
16.71	114.98	129.51	84.18	114.36
16.72	112.32	128.70	83.62	113.55
16.73	110.36	128.42	83.02	112.70
16.74	108.94	129.18	82.49	111.89
16.75	108.02	131.87	81.90	111.04
16.76	107.18	137.18	81.42	110.31
16.77	106.46	145.22	80.86	109.63
16.78	105.64	155.63	80.51	109.29
16.79	104.78	167.55	79.96	109.66
16.80	104.03	179.83	79.58	110.95
16.81	103.24	191.48	79.12	114.07
16.82	102.55	201.66	78.63	119.08
16.83	101.84	209.87	78.16	126.13
16.84	101.14	216.12	77.65	134.89
16.85	100.49	220.31	77.08	144.66
16.86	99.77	222.87	76.60	154.81
16.87	99.05	224.27	76.16	164.53
16.88	98.27	225.01	75.68	173.20
16.89	97.41	225.24	75.18	180.56
16.90	96.59	225.34	74.87	186.26
16.91	95.76	225.41	74.48	190.34
16.92	95.00	225.68	74.01	192.85
16.93	94.30	226.12	73.47	194.04
16.94	93.56	226.67	73.03	194.32
16.95	92.90	227.21	72.54	193.96
16.96	92.29	227.53	71.97	193.28
16.97	91.60	227.54	71.47	192.42
16.98	90.98	227.20	70.96	191.76
16.99	90.39	226.33	70.67	191.24
17.00	89.78	224.91	70.67	190.89
17.01	89.13	223.07	71.33	190.72
17.02	88.55	220.62	73.04	190.50
17.03	87.86	217.73	76.10	190.19
17.04	87.31	214.25	80.56	189.71
17.05	87.07	210.07	86.15	188.72
17.06	87.72	205.17	92.29	187.13
17.07	89.61	199.53	98.56	184.89
17.08	93.23	193.22	104.19	181.70
17.09	98.69	186.53	109.06	177.43
17.10	105.62	179.86	112.79	172.16
17.11	113.31	173.64	115.48	166.05
17.12	120.97	168.58	117.31	159.34
17.13	128.01	164.60	118.42	152.70
17.14	134.04	161.69	119.11	146.84
17.15	138.93	159.69	119.40	141.99
17.16	142.79	158.17	119.53	138.40
17.17	145.97	156.97	119.34	135.94
17.18	148.40	155.79	118.88	134.49
17.19	150.24	154.63	118.12	133.62
17.20	151.44	153.36	117.06	133.13
17.21	152.22	152.02	115.76	132.67
17.22	152.27	150.50	114.33	132.33
17.23	151.80	148.98	112.61	131.85
17.24	150.95	147.33	110.85	131.22
17.25	149.67	145.63	108.93	130.46
17.26	148.30	143.96	106.90	129.61
17.27	146.74	142.34	104.79	128.68
17.28	145.25	140.88	102.35	127.58
17.29	143.72	139.54	99.70	126.39
17.30	142.17	138.39	97.10	125.24
17.31	140.55	137.40	94.44	123.94
17.32	138.70	136.44	92.04	122.67
17.33	136.59	135.52	90.10	121.35
17.34	133.96	134.64	88.50	120.11
17.35	130.82	133.74	87.36	118.97
17.36	127.11	132.79	86.54	117.82
17.37	123.07	131.87	85.95	116.87
17.38	119.03	131.05	85.47	115.95
17.39	115.34	130.17	85.06	115.14
17.40	112.39	129.37	84.54	114.30
17.41	110.12	128.60	84.00	113.60
17.42	108.54	128.17	83.44	112.77
17.43	107.44	128.70	82.82	111.97
17.44	106.69	130.84	82.23	111.20
17.45	105.95	135.50	81.68	110.50
17.46	105.26	143.00	81.16	109.92
17.47	104.51	152.89	80.68	109.60
17.48	103.70	164.76	80.23	109.89
17.49	102.93	177.24	79.84	111.36
17.50	102.17	189.19	79.38	114.48
17.51	101.45	199.77	78.93	119.56
17.52	100.83	208.41	78.49	126.80
17.53	100.24	214.97	78.02	135.63
17.54	99.57	219.52	77.62	145.52
17.55	98.79	222.35	77.20	155.80
17.56	98.09	224.03	76.71	165.51
17.57	97.33	224.92	76.24	174.23
17.58	96.47	225.25	75.74	181.49
17.59	95.62	225.51	75.32	187.14
17.60	94.84	225.64	74.82	191.06
17.61	94.10	225.93	74.53	193.55
17.62	93.37	226.24	74.08	194.74
17.63	92.78	226.69	73.60	194.96
17.64	92.17	227.03	73.07	194.60
17.65	91.55	227.34	72.53	193.97
17.66	90.93	227.41	71.96	193.25
17.67	90.40	227.19	71.42	192.63
17.68	89.74	226.61	71.07	192.24
17.69	89.13	225.54	70.71	192.01
17.70	88.38	223.96	70.57	191.93
17.71	87.74	221.74	70.73	191.93
17.72	87.02	219.06	71.52	191.82
17.73	86.37	215.66	73.43	191.39
17.74	86.22	211.60	76.77	190.56
17.75	86.73	206.92	81.41	189.26
17.76	88.54	201.52	87.14	187.20
17.77	91.99	195.39	93.50	184.30
17.78	97.19	188.72	99.80	180.43
17.79	103.87	181.62	105.51	175.65
17.80	111.28	174.80	110.26	169.79
17.81	118.82	168.76	113.93	163.36
17.82	125.65	163.86	116.47	156.83
17.83	131.46	160.40	118.18	150.87
17.84	136.24	158.02	119.25	145.65
17.85	139.93	156.49	119.87	141.58
17.86	142.76	155.51	120.23	138.81
17.87	144.90	154.63	120.27	136.88
17.88	146.50	153.79	120.12	135.56
17.89	147.48	152.81	119.73	134.86
17.90	147.92	151.58	118.94	134.33
17.91	147.88	150.29	117.94	133.82
17.92	147.26	148.85	116.68	133.26
17.93	146.21	147.33	115.19	132.64
17.94	144.76	145.64	113.62	131.91
17.95	143.21	144.02	111.95	131.07
17.96	141.44	142.46	110.10	130.05
17.97	139.78	140.97	108.21	128.99
17.98	138.16	139.56	106.09	127.79
17.99	136.45	138.18	103.73	126.59
18.00	134.69	137.03	101.06	125.24
18.01	132.64	136.04	98.24	123.98
18.02	130.04	135.03	95.38	122.63
18.03	126.85	134.19	92.76	121.44
18.04	123.17	133.37	90.48	120.32
18.05	119.02	132.52	88.71	119.14
18.06	114.98	131.64	87.33	118.15
18.07	111.36	130.83	86.47	117.27
18.08	108.47	129.89	85.88	116.38
18.09	106.40	129.02	85.49	115.64
18.10	105.04	128.28	85.08	114.84
18.11	104.22	127.88	84.68	114.12
18.12	103.71	128.49	84.19	113.37
18.13	103.16	131.06	83.65	112.68
18.14	102.64	136.12	83.05	111.97
18.15	102.01	144.06	82.46	111.33
18.16	101.25	154.41	81.84	110.83
18.17	100.54	166.40	81.32	110.90
18.18	99.88	178.94	80.87	112.06
18.19	99.23	190.86	80.52	114.82
18.20	98.72	201.41	80.07	119.69
18.21	98.21	209.93	79.67	126.71
18.22	97.59	216.30	79.25	135.45
18.23	97.00	220.69	78.89	145.40
18.24	96.30	223.43	78.41	155.70
18.25	95.62	224.98	78.12	165.78
18.26	94.84	225.65	77.58	174.83
18.27	94.02	225.94	77.11	182.50
18.28	93.31	226.07	76.69	188.46
18.29	92.52	226.16	76.21	192.83
18.30	91.88	226.44	75.84	195.56
18.31	91.29	226.79	75.41	196.93
18.32	90.77	227.27	75.03	197.26
18.33	90.25	227.74	74.67	196.92
18.34	89.77	228.03	74.27	196.32
18.35	89.25	228.13	73.78	195.53
18.36	88.58	227.92	73.29	194.83
18.37	87.92	227.29	72.77	194.33
18.38	87.20	226.16	72.19	194.15
18.39	86.45	224.46	71.69	194.02
18.40	85.76	222.34	71.14	193.92
18.41	85.20	219.58	71.01	193.68
18.42	84.83	216.23	71.23	193.22
18.43	84.99	212.18	72.31	192.45
18.44	86.00	207.43	74.70	191.02
18.45	88.47	201.94	78.44	189.10
18.46	92.60	195.78	83.56	186.40
18.47	98.38	188.92	89.67	182.84
18.48	105.35	181.82	96.24	178.39
18.49	112.92	175.05	102.57	172.89
18.50	120.15	169.01	108.21	166.80
18.51	126.65	164.17	112.79	160.42
18.52	131.98	160.69	116.30	154.24
18.53	136.23	158.40	118.74	148.84
18.54	139.51	156.94	120.49	144.39
18.55	142.01	156.01	121.57	141.07
18.56	144.03	155.26	122.30	138.71
18.57	145.48	154.41	122.70	137.17
18.58	146.49	153.49	122.93	136.21
18.59	146.87	152.25	122.87	135.39
18.60	146.77	150.98	122.54	134.75
18.61	146.14	149.47	121.84	134.11
18.62	145.15	147.90	120.80	133.40
18.63	143.80	146.26	119.53	132.63
18.64	142.26	144.56	117.99	131.75
18.65	140.68	143.03	116.47	130.70
18.66	139.02	141.54	114.80	129.57
18.67	137.33	140.11	113.17	128.44
18.68	135.67	138.96	111.32	127.10
18.69	133.82	137.89	109.43	125.85
18.70	131.74	136.94	107.25	124.52
18.71	129.15	136.03	104.73	123.23
18.72	125.93	135.16	102.03	121.91
18.73	122.28	134.38	99.15	120.63
18.74	118.40	133.50	96.44	119.35
18.75	114.64	132.67	93.83	118.23
18.76	111.31	131.78	91.83	117.29
18.77	108.81	130.88	90.27	116.31
18.78	106.96	129.99	89.12	115.54
18.79	105.67	129.36	88.37	114.80
18.80	104.85	129.10	87.83	114.17
18.81	104.29	129.98	87.35	113.49
18.82	103.62	132.81	86.90	112.77
18.83	102.94	138.23	86.43	112.11
18.84	102.25	146.49	85.90	111.42
18.85	101.52	157.16	85.39	110.85
18.86	100.84	169.33	84.73	110.68
18.87	100.12	182.08	84.15	111.35
18.88	99.55	194.11	83.57	113.42
18.89	98.93	204.64	83.09	117.45
18.90	98.44	213.06	82.56	123.67
18.91	97.79	219.41	82.07	131.84
18.92	97.17	223.62	81.61	141.45
18.93	96.43	226.21	81.17	151.76
18.94	95.73	227.45	80.75	161.97
18.95	94.91	227.98	80.29	171.38
18.96	94.19	227.99	79.81	179.42
18.97	93.46	227.94	79.31	185.81
18.98	92.75	228.02	78.78	190.44
18.99	92.15	228.16	78.30	193.49
19.00	91.61	228.44	77.79	195.11
19.01	91.06	228.95	77.42	195.73
19.02	90.54	229.37	76.92	195.56
19.03	90.03	229.71	76.52	195.04
19.04	89.45	229.73	76.13	194.30
19.05	88.84	229.56	75.65	193.70
19.06	88.14	228.86	75.18	193.16
19.07	87.41	227.81	74.64	192.78
19.08	86.65	226.04	74.18	192.60
19.09	85.96	223.66	73.60	192.38
19.10	85.28	220.70	73.09	192.11
19.11	85.05	217.05	72.66	191.54
19.12	85.31	212.68	72.36	190.58
19.13	86.68	207.81	72.55	189.16
19.14	89.46	202.10	73.60	187.05
19.15	94.08	195.90	75.91	184.17
19.16	100.26	189.22	79.77	180.38
19.17	107.54	182.39	84.91	175.69
19.18	115.23	176.17	91.18	169.98
19.19	122.60	170.70	97.92	163.60
19.20	129.13	166.36	104.54	157.16
19.21	134.44	163.23	110.50	150.87
19.22	138.88	161.07	115.26	145.44
19.23	142.33	159.56	119.01	141.17
19.24	145.03	158.49	121.67	138.05
19.25	147.10	157.50	123.61	135.88
19.26	148.56	156.42	124.86	134.64
19.27	149.57	155.25	125.75	133.79
19.28	149.90	153.89	126.29	133.33
19.29	149.58	152.38	126.64	132.87
19.30	148.91	150.80	126.62	132.33
19.31	147.80	149.05	126.23	131.76
19.32	146.44	147.29	125.61	131.06
19.33	144.98	145.64	124.57	130.23
19.34	143.41	144.09	123.29	129.26
19.35	141.89	142.61	121.92	128.25
19.36	140.35	141.16	120.30	127.00
19.37	138.81	139.90	118.74	125.80
19.38	137.18	138.83	117.08	124.48
19.39	135.24	137.86	115.53	123.19
19.40	132.87	136.96	113.62	121.81
19.41	129.98	136.08	111.54	120.51
19.42	126.51	135.23	109.18	119.22
19.43	122.51	134.40	106.55	118.07
19.44	118.52	133.61	103.51	116.97
19.45	114.79	132.85	100.51	115.93
19.46	111.72	131.97	97.70	115.13
19.47	109.46	131.20	95.20	114.31
19.48	107.88	130.44	93.20	113.57
19.49	106.76	130.13	91.68	112.89
19.50	106.06	130.90	90.57	112.19
19.51	105.41	133.39	89.90	111.39
19.52	104.83	138.60	89.29	110.68
19.53	104.15	146.65	88.80	109.89
19.54	103.45	157.09	88.28	109.29
19.55	102.66	169.14	87.73	108.97
19.56	101.94	181.61	87.17	109.17
19.57	101.30	193.49	86.43	110.53
19.58	100.69	203.82	85.87	113.62
19.59	100.12	212.24	85.20	118.78
19.60	99.50	218.43	84.57	125.93
19.61	98.89	222.69	84.02	134.80
19.62	98.21	225.23	83.45	144.70
19.63	97.50	226.70	83.02	154.89
19.64	96.72	227.34	82.40	164.67
19.65	95.96	227.43	81.99	173.30
19.66	95.23	227.36	81.48	180.57
19.67	94.45	227.27	80.95	186.14
19.68	93.81	227.23	80.41	190.08
19.69	93.15	227.40	79.86	192.46
19.70	92.61	227.69	79.31	193.66
19.71	91.97	228.09	78.73	193.84
19.72	91.49	228.48	78.21	193.36
19.73	90.86	228.79	77.75	192.70
19.74	90.30	228.84	77.20	191.76
19.75	89.72	228.30	76.73	191.04
19.76	89.15	227.20	76.30	190.50
19.77	88.44	225.40	75.77	190.06
19.78	87.75	222.73	75.25	189.85
19.79	87.10	219.34	74.86	189.54
19.80	86.79	215.13	74.29	189.17
19.81	87.02	210.51	73.79	188.49
19.82	88.34	205.43	73.19	187.37
19.83	91.27	199.95	72.76	185.52
19.84	96.02	194.15	72.59	182.90
19.85	102.40	187.85	72.99	179.24
19.86	109.91	181.57	74.38	174.66
19.87	117.70	175.46	77.18	168.95
19.88	125.19	170.18	81.39	162.46
19.89	131.73	165.83	87.00	155.81
19.90	137.26	162.65	93.26	149.57
19.91	141.74	160.51	99.86	144.24
19.92	145.19	158.99	106.12	140.06
19.93	148.05	157.94	111.56	137.13
19.94	150.27	157.03	115.82	135.01
19.95	151.85	156.07	119.05	133.81
19.96	152.88	154.92	121.24	133.03
19.97	153.30	153.65	122.82	132.49
19.98	153.22	152.08	123.83	132.07
19.99	152.58	150.39	124.53	131.57
20.00	151.54	148.73	124.89	131.00