t	Pre-Clamp(Aorta)	Post-Clamp	Pre-Clamp(Left-Iliac-Artery)	Post-Clamp
0.00	76.16	88.34	88.96	82.23
0.01	75.45	88.47	85.41	81.72
0.02	74.86	88.52	82.47	81.26
0.03	74.32	88.49	80.43	80.79
0.04	73.84	88.23	79.20	80.22
0.05	73.47	87.80	78.72	79.57
0.06	72.99	87.33	78.62	78.99
0.07	72.61	86.85	78.86	78.26
0.08	72.27	86.26	79.08	77.60
0.09	71.91	85.61	79.22	76.85
0.10	71.55	84.93	79.28	76.14
0.11	71.27	84.31	79.10	75.46
0.12	70.80	83.57	78.86	74.83
0.13	70.33	82.74	78.51	74.25
0.14	69.91	81.89	78.19	73.76
0.15	69.42	81.03	77.81	73.22
0.16	69.01	80.27	77.34	72.76
0.17	68.60	79.33	76.83	72.35
0.18	68.22	78.64	76.31	71.95
0.19	67.98	77.82	75.72	71.57
0.20	67.69	77.06	75.15	71.16
0.21	67.59	76.35	74.47	70.77
0.22	67.21	75.70	73.75	70.46
0.23	66.91	75.17	72.97	70.11
0.24	66.59	74.65	72.26	69.79
0.25	66.33	74.12	71.65	69.45
0.26	65.96	73.78	70.94	69.09
0.27	65.65	73.31	70.24	68.74
0.28	65.27	72.86	69.68	68.40
0.29	64.94	72.37	69.12	68.09
0.30	64.47	71.97	68.58	67.80
0.31	64.19	71.54	68.16	67.51
0.32	63.92	71.13	67.69	67.23
0.33	63.59	70.62	67.34	66.90
0.34	63.32	70.25	66.99	66.64
0.35	63.19	69.74	66.72	66.36
0.36	62.93	69.36	66.34	66.15
0.37	62.87	68.91	66.05	65.83
0.38	62.79	68.55	65.68	65.51
0.39	62.72	68.18	65.24	65.25
0.40	62.63	67.83	64.90	65.03
0.41	62.58	67.44	64.54	64.77
0.42	62.51	67.14	64.13	64.49
0.43	62.41	66.86	63.73	64.28
0.44	62.16	66.51	63.33	64.11
0.45	62.06	66.18	63.14	63.93
0.46	61.83	65.92	62.85	63.86
0.47	61.60	65.59	62.54	63.81
0.48	61.31	65.27	62.27	63.78
0.49	61.17	65.07	62.01	63.69
0.50	60.81	64.81	61.76	63.59
0.51	60.52	64.60	61.47	63.43
0.52	60.33	64.50	61.21	63.25
0.53	60.04	64.32	60.87	63.02
0.54	59.71	64.17	60.64	62.79
0.55	59.44	64.07	60.31	62.52
0.56	59.10	63.92	60.11	62.19
0.57	58.93	63.82	59.93	61.84
0.58	59.02	63.56	59.83	61.51
0.59	59.98	63.21	59.64	61.15
0.60	62.13	62.94	59.49	60.89
0.61	66.09	62.59	59.46	60.66
0.62	72.28	62.27	59.40	60.78
0.63	80.43	61.79	59.27	61.52
0.64	90.01	61.49	59.10	63.60
0.65	100.44	61.11	59.02	67.41
0.66	110.55	60.78	58.83	73.35
0.67	119.46	60.40	58.58	81.26
0.68	126.36	60.18	58.30	90.81
0.69	131.18	60.12	58.00	101.32
0.70	133.77	60.56	57.67	111.77
0.71	134.53	61.76	57.38	121.27
0.72	134.06	64.46	57.00	129.22
0.73	132.82	69.02	56.70	135.06
0.74	131.15	75.79	56.34	138.80
0.75	129.60	84.62	56.16	140.70
0.76	127.94	94.99	55.82	141.17
0.77	126.69	106.21	55.88	140.77
0.78	125.34	117.23	56.43	139.85
0.79	124.26	127.06	57.88	138.73
0.80	123.17	135.08	60.82	137.63
0.81	122.22	140.64	65.63	136.63
0.82	121.21	144.06	72.31	135.77
0.83	120.32	145.43	80.82	134.86
0.84	119.35	145.46	90.23	134.15
0.85	118.51	144.60	99.89	133.40
0.86	117.61	143.45	108.77	132.62
0.87	116.43	142.10	116.30	131.88
0.88	114.99	140.90	121.79	131.10
0.89	113.26	139.92	125.15	130.41
0.90	110.81	139.08	126.61	129.39
0.91	107.82	138.42	126.61	128.30
0.92	104.13	137.78	125.57	126.94
0.93	99.86	137.28	124.07	125.37
0.94	95.43	136.79	122.24	123.59
0.95	91.29	136.32	120.39	121.37
0.96	87.89	135.88	118.60	118.63
0.97	85.41	135.14	116.99	115.35
0.98	83.90	134.34	115.38	111.39
0.99	83.32	133.22	113.91	106.77
1.00	83.36	131.81	112.47	101.94
1.01	83.74	129.89	111.00	97.38
1.02	84.08	127.47	109.74	93.44
1.03	84.42	124.46	108.58	90.49
1.04	84.40	120.72	107.41	88.55
1.05	84.21	116.07	106.15	87.50
1.06	83.76	111.02	104.82	87.11
1.07	83.21	105.80	103.36	87.01
1.08	82.69	100.87	101.57	87.06
1.09	82.14	96.59	99.36	87.06
1.10	81.56	93.43	96.49	87.01
1.11	81.10	91.25	93.04	86.88
1.12	80.47	90.01	89.29	86.57
1.13	80.03	89.46	85.56	86.15
1.14	79.39	89.27	82.16	85.77
1.15	78.83	89.33	79.50	85.26
1.16	78.17	89.38	77.54	84.63
1.17	77.51	89.25	76.54	84.03
1.18	76.77	89.13	76.14	83.43
1.19	76.10	88.93	76.30	82.77
1.20	75.37	88.60	76.69	82.01
1.21	74.79	88.15	77.23	81.24
1.22	74.12	87.76	77.50	80.41
1.23	73.61	87.21	77.59	79.55
1.24	73.03	86.70	77.49	78.75
1.25	72.64	86.01	77.20	77.98
1.26	72.14	85.25	76.74	77.16
1.27	71.79	84.42	76.25	76.38
1.28	71.35	83.56	75.75	75.72
1.29	70.96	82.61	75.29	75.01
1.30	70.54	81.59	74.88	74.49
1.31	70.14	80.72	74.45	73.88
1.32	69.86	79.78	73.95	73.39
1.33	69.46	79.02	73.54	72.95
1.34	69.16	78.26	72.90	72.47
1.35	68.79	77.65	72.36	72.01
1.36	68.49	77.09	71.67	71.62
1.37	68.15	76.50	71.04	71.18
1.38	67.76	75.97	70.38	70.85
1.39	67.44	75.36	69.80	70.39
1.40	67.11	74.81	69.25	70.02
1.41	66.85	74.24	68.73	69.70
1.42	66.51	73.62	68.15	69.34
1.43	66.26	73.16	67.71	68.95
1.44	65.96	72.73	67.21	68.62
1.45	65.68	72.32	66.89	68.32
1.46	65.35	71.95	66.41	67.94
1.47	65.06	71.71	66.11	67.56
1.48	64.79	71.37	65.75	67.27
1.49	64.47	71.02	65.35	66.89
1.50	64.15	70.63	65.04	66.68
1.51	63.99	70.28	64.66	66.24
1.52	63.78	69.96	64.45	66.04
1.53	63.67	69.51	64.17	65.63
1.54	63.49	69.09	63.86	65.33
1.55	63.51	68.70	63.60	64.97
1.56	63.40	68.31	63.29	64.65
1.57	63.29	67.91	62.93	64.30
1.58	63.10	67.61	62.64	64.01
1.59	63.06	67.31	62.30	63.64
1.60	62.79	67.04	61.96	63.37
1.61	62.58	66.73	61.66	63.13
1.62	62.26	66.59	61.32	62.82
1.63	61.98	66.40	61.11	62.52
1.64	61.55	66.26	60.84	62.30
1.65	61.29	66.14	60.65	62.08
1.66	61.00	66.03	60.48	61.94
1.67	60.68	65.92	60.46	61.77
1.68	60.45	65.76	60.37	61.70
1.69	60.26	65.49	60.29	61.59
1.70	59.97	65.23	60.12	61.57
1.71	59.76	64.88	60.05	61.53
1.72	59.78	64.58	59.80	61.38
1.73	60.12	64.22	59.57	61.28
1.74	61.32	63.95	59.21	61.17
1.75	64.04	63.55	58.87	60.96
1.76	68.62	63.29	58.55	60.72
1.77	75.32	62.84	58.25	60.42
1.78	83.82	62.52	57.89	60.19
1.79	93.51	62.14	57.62	59.76
1.80	103.58	61.92	57.17	59.52
1.81	113.18	62.04	56.85	59.07
1.82	121.37	62.84	56.57	58.74
1.83	127.55	64.82	56.43	58.43
1.84	131.50	68.62	56.63	58.44
1.85	133.50	74.46	57.45	58.90
1.86	133.88	82.52	59.42	60.26
1.87	133.24	92.43	63.01	62.95
1.88	131.91	103.60	68.51	67.62
1.89	130.37	115.02	75.92	74.24
1.90	128.84	125.79	84.75	82.80
1.91	127.48	134.84	94.24	92.62
1.92	126.25	141.74	103.64	102.97
1.93	125.09	146.16	112.02	112.85
1.94	124.01	148.45	118.79	121.55
1.95	123.09	149.02	123.60	128.40
1.96	122.08	148.50	126.25	133.30
1.97	121.14	147.44	127.13	136.28
1.98	120.15	146.30	126.78	137.69
1.99	119.15	145.24	125.53	137.89
2.00	118.08	144.37	123.73	137.37
2.01	116.92	143.78	121.90	136.38
2.02	115.55	143.30	119.98	135.42
2.03	113.98	142.76	118.20	134.37
2.04	111.95	142.57	116.54	133.42
2.05	109.42	142.23	115.05	132.46
2.06	106.16	141.84	113.80	131.59
2.07	102.34	141.38	112.41	130.74
2.08	97.99	140.95	111.18	129.92
2.09	93.64	140.20	110.03	129.10
2.10	89.68	139.26	108.86	128.33
2.11	86.55	137.95	107.68	127.40
2.12	84.37	136.52	106.44	126.50
2.13	83.24	134.56	105.14	125.47
2.14	82.91	132.17	103.58	124.33
2.15	83.11	129.16	101.68	122.89
2.16	83.54	125.47	99.23	121.19
2.17	83.93	121.02	96.30	118.98
2.18	84.17	115.93	92.73	116.28
2.19	84.10	110.51	88.85	112.99
2.20	83.86	105.24	85.12	109.02
2.21	83.46	100.49	81.78	104.54
2.22	82.87	96.83	79.17	99.89
2.23	82.34	94.11	77.43	95.53
2.24	81.75	92.57	76.52	91.80
2.25	81.15	91.82	76.30	88.96
2.26	80.54	91.61	76.53	87.15
2.27	80.04	91.60	76.89	86.17
2.28	79.42	91.75	77.33	85.74
2.29	78.75	91.87	77.57	85.62
2.30	78.06	91.73	77.63	85.74
2.31	77.35	91.46	77.60	85.77
2.32	76.61	91.19	77.34	85.73
2.33	75.95	90.69	76.97	85.53
2.34	75.28	90.15	76.50	85.32
2.35	74.64	89.49	76.03	84.78
2.36	74.05	88.90	75.61	84.34
2.37	73.54	88.17	75.08	83.85
2.38	72.99	87.40	74.51	83.32
2.39	72.64	86.60	73.89	82.72
2.40	72.19	85.81	73.34	82.11
2.41	71.84	84.99	72.73	81.48
2.42	71.44	84.04	72.03	80.76
2.43	71.00	83.06	71.43	80.07
2.44	70.66	82.12	70.85	79.31
2.45	70.28	81.26	70.15	78.65
2.46	69.86	80.43	69.55	77.84
2.47	69.51	79.67	68.99	77.07
2.48	69.04	78.97	68.51	76.27
2.49	68.64	78.31	68.02	75.59
2.50	68.31	77.78	67.53	74.96
2.51	68.02	77.20	67.19	74.29
2.52	67.62	76.70	66.76	73.79
2.53	67.25	76.25	66.40	73.19
2.54	66.89	75.78	65.99	72.71
2.55	66.64	75.34	65.61	72.19
2.56	66.21	74.89	65.23	71.74
2.57	65.98	74.49	64.83	71.31
2.58	65.68	74.12	64.52	70.92
2.59	65.36	73.69	64.24	70.49
2.60	65.05	73.21	63.86	70.07
2.61	64.78	72.73	63.60	69.67
2.62	64.52	72.30	63.23	69.29
2.63	64.30	71.88	62.95	68.87
2.64	64.10	71.46	62.71	68.46
2.65	64.00	71.02	62.33	68.13
2.66	63.73	70.69	62.08	67.78
2.67	63.72	70.37	61.84	67.46
2.68	63.57	70.02	61.52	67.08
2.69	63.46	69.73	61.20	66.73
2.70	63.34	69.42	60.96	66.43
2.71	63.23	69.17	60.70	66.15
2.72	63.01	68.88	60.47	65.79
2.73	62.74	68.60	60.29	65.43
2.74	62.45	68.39	60.18	65.09
2.75	62.15	68.13	60.12	64.82
2.76	61.74	67.74	60.01	64.48
2.77	61.45	67.44	59.99	64.25
2.78	61.16	67.12	59.98	63.89
2.79	60.75	66.75	59.83	63.59
2.80	60.40	66.37	59.61	63.25
2.81	60.04	65.93	59.27	63.09
2.82	59.76	65.68	58.90	62.79
2.83	59.56	65.34	58.44	62.50
2.84	59.57	65.05	58.06	62.27
2.85	60.09	64.75	57.62	62.07
2.86	61.57	64.61	57.34	61.94
2.87	64.74	64.48	56.95	61.74
2.88	69.89	64.33	56.74	61.75
2.89	77.12	64.20	56.65	61.59
2.90	86.10	64.15	56.54	61.60
2.91	96.12	64.03	56.86	61.44
2.92	106.45	63.85	57.86	61.28
2.93	115.82	63.77	60.03	61.19
2.94	123.59	63.83	64.00	60.98
2.95	129.21	63.73	69.86	60.75
2.96	132.58	63.74	77.57	60.48
2.97	134.05	63.64	86.68	60.08
2.98	134.05	63.51	96.53	59.73
2.99	133.12	63.46	106.12	59.48
3.00	131.61	63.24	114.61	59.17
3.01	129.98	63.01	121.29	58.88
3.02	128.43	62.77	125.80	58.58
3.03	127.02	62.48	128.31	58.33
3.04	125.66	62.14	129.06	58.19
3.05	124.51	61.69	128.57	58.38
3.06	123.35	61.29	127.09	59.19
3.07	122.21	60.86	125.37	61.11
3.08	121.19	60.66	123.42	64.80
3.09	120.23	61.00	121.53	70.35
3.10	119.29	62.46	119.74	77.82
3.11	118.52	65.60	118.19	86.79
3.12	117.57	70.85	116.68	96.53
3.13	116.65	78.23	115.33	106.17
3.14	115.45	87.86	114.17	114.88
3.15	114.14	98.94	112.99	122.21
3.16	112.29	110.68	112.10	127.72
3.17	109.99	122.04	110.98	131.32
3.18	107.04	132.06	109.90	133.22
3.19	103.47	140.06	108.84	133.90
3.20	99.34	145.65	107.49	133.57
3.21	94.93	148.91	105.98	132.70
3.22	90.79	150.45	104.18	131.61
3.23	87.21	150.55	101.94	130.50
3.24	84.58	150.01	99.04	129.33
3.25	82.99	149.01	95.62	128.31
3.26	82.34	148.20	91.67	127.24
3.27	82.41	147.48	87.74	126.28
3.28	82.81	147.01	84.11	125.32
3.29	83.40	146.54	81.14	124.41
3.30	83.87	146.29	79.04	123.42
3.31	84.05	146.02	77.92	122.45
3.32	84.04	145.86	77.48	121.35
3.33	83.87	145.58	77.56	120.30
3.34	83.44	145.30	77.84	119.01
3.35	82.95	145.00	78.20	117.70
3.36	82.53	144.47	78.45	115.89
3.37	82.16	143.65	78.48	113.59
3.38	81.78	142.71	78.32	110.73
3.39	81.28	141.39	78.05	107.04
3.40	80.73	139.85	77.69	102.87
3.41	80.09	137.76	77.27	98.46
3.42	79.33	135.33	76.91	94.19
3.43	78.59	132.42	76.44	90.55
3.44	77.71	128.94	76.09	87.61
3.45	76.87	124.71	75.67	85.76
3.46	76.06	119.84	75.14	84.73
3.47	75.35	114.47	74.57	84.36
3.48	74.62	109.15	73.93	84.34
3.49	74.13	103.98	73.22	84.45
3.50	73.58	99.76	72.46	84.49
3.51	73.03	96.53	71.71	84.39
3.52	72.59	94.38	70.98	84.21
3.53	72.09	93.15	70.39	83.86
3.54	71.67	92.62	69.78	83.45
3.55	71.20	92.60	69.29	82.96
3.56	70.73	92.72	68.87	82.50
3.57	70.33	92.75	68.49	82.02
3.58	69.86	92.68	68.14	81.55
3.59	69.46	92.51	67.91	81.02
3.60	69.04	92.07	67.52	80.46
3.61	68.79	91.52	67.17	79.91
3.62	68.47	90.88	66.78	79.17
3.63	68.28	90.17	66.29	78.48
3.64	68.10	89.47	65.82	77.70
3.65	67.88	88.71	65.18	76.99
3.66	67.78	87.93	64.76	76.30
3.67	67.59	87.12	64.34	75.63
3.68	67.30	86.29	64.00	74.95
3.69	67.11	85.40	63.78	74.37
3.70	66.86	84.51	63.59	73.71
3.71	66.51	83.62	63.51	73.20
3.72	66.10	82.61	63.53	72.67
3.73	65.76	81.68	63.48	72.12
3.74	65.35	80.87	63.43	71.68
3.75	64.96	79.99	63.26	71.23
3.76	64.62	79.19	62.91	70.74
3.77	64.41	78.48	62.38	70.39
3.78	64.12	77.88	61.74	69.97
3.79	63.98	77.31	61.11	69.59
3.80	63.99	76.78	60.59	69.17
3.81	63.91	76.34	60.09	68.77
3.82	63.76	75.87	59.85	68.40
3.83	63.70	75.38	59.84	68.05
3.84	63.60	75.02	59.96	67.67
3.85	63.52	74.57	60.10	67.36
3.86	63.17	74.18	60.23	66.99
3.87	62.93	73.71	60.46	66.67
3.88	62.64	73.29	60.43	66.32
3.89	62.15	72.75	60.52	66.01
3.90	61.77	72.30	60.31	65.72
3.91	61.46	71.81	59.83	65.38
3.92	61.13	71.40	59.37	65.01
3.93	60.86	70.91	58.83	64.69
3.94	60.56	70.51	58.23	64.36
3.95	60.51	70.13	57.80	64.18
3.96	60.43	69.78	57.31	63.83
3.97	61.05	69.40	56.93	63.58
3.98	62.51	69.10	56.80	63.23
3.99	65.55	68.68	56.84	62.98
4.00	70.44	68.32	57.40	62.75
4.01	77.55	67.98	58.74	62.62
4.02	86.54	67.59	61.65	62.50
4.03	96.91	67.17	66.31	62.32
4.04	107.46	66.91	73.02	62.17
4.05	117.52	66.53	81.56	62.10
4.06	125.80	66.23	91.31	62.00
4.07	132.07	65.87	101.54	61.93
4.08	135.83	65.53	111.17	61.80
4.09	137.54	65.21	119.32	61.50
4.10	137.53	64.96	125.59	61.30
4.11	136.56	64.64	129.57	61.02
4.12	134.97	64.38	131.60	60.63
4.13	133.23	64.17	132.08	60.38
4.14	131.56	64.00	131.38	60.05
4.15	130.21	63.66	130.23	59.72
4.16	128.95	63.42	128.77	59.39
4.17	127.89	63.15	127.27	59.10
4.18	126.95	62.93	125.76	58.83
4.19	126.14	62.71	124.46	58.63
4.20	125.37	62.52	123.29	58.52
4.21	124.60	62.41	122.12	58.82
4.22	123.80	62.32	120.92	59.98
4.23	123.06	62.16	119.68	62.45
4.24	122.25	62.09	118.54	66.70
4.25	121.38	61.99	117.40	72.89
4.26	120.29	62.02	116.39	80.90
4.27	119.07	61.90	115.34	90.17
4.28	117.47	61.91	114.32	99.97
4.29	115.55	61.61	113.10	109.41
4.30	113.04	61.50	111.80	117.80
4.31	109.87	61.19	110.13	124.62
4.32	106.03	60.92	108.18	129.48
4.33	101.68	60.62	105.64	132.42
4.34	97.02	60.27	102.49	133.86
4.35	92.72	59.90	98.81	134.12
4.36	89.10	59.57	94.74	133.69
4.37	86.42	59.19	90.62	132.80
4.38	84.82	58.93	86.82	131.81
4.39	84.28	58.74	83.76	130.78
4.40	84.37	58.74	81.52	129.69
4.41	84.74	59.09	80.17	128.78
4.42	85.32	60.56	79.72	127.82
4.43	85.86	63.45	79.69	126.89
4.44	86.08	68.25	79.99	126.00
4.45	86.16	75.02	80.33	125.14
4.46	85.99	83.86	80.63	124.20
4.47	85.69	94.07	80.73	123.26
4.48	85.16	104.95	80.71	122.32
4.49	84.67	115.67	80.57	121.25
4.50	84.22	125.36	80.24	119.97
4.51	83.60	133.19	79.85	118.42
4.52	82.93	138.89	79.32	116.55
4.53	82.19	142.51	78.95	114.14
4.54	81.53	144.38	78.38	111.24
4.55	80.70	144.83	77.81	107.56
4.56	79.89	144.50	77.16	103.48
4.57	79.18	143.71	76.55	98.92
4.58	78.26	142.85	75.96	94.66
4.59	77.49	142.04	75.23	90.92
4.60	76.80	141.22	74.62	88.08
4.61	76.29	140.58	73.83	86.16
4.62	75.60	140.00	73.10	85.16
4.63	75.03	139.52	72.43	84.77
4.64	74.57	139.06	71.90	84.70
4.65	74.10	138.63	71.32	84.77
4.66	73.62	138.23	70.73	84.72
4.67	73.27	137.85	70.25	84.67
4.68	72.86	137.35	69.79	84.42
4.69	72.47	136.56	69.44	84.04
4.70	72.11	135.60	69.01	83.65
4.71	71.82	134.26	68.62	83.12
4.72	71.39	132.65	68.23	82.68
4.73	70.96	130.50	67.87	82.16
4.74	70.66	127.79	67.57	81.68
4.75	70.31	124.40	67.22	81.17
4.76	69.94	120.25	66.92	80.61
4.77	69.62	115.33	66.53	79.92
4.78	69.31	110.07	66.14	79.25
4.79	69.07	104.92	65.79	78.49
4.80	68.76	100.12	65.49	77.77
4.81	68.49	96.19	65.13	77.00
4.82	68.16	93.33	64.85	76.36
4.83	67.86	91.56	64.55	75.61
4.84	67.52	90.64	64.36	74.96
4.85	67.20	90.25	64.01	74.32
4.86	66.91	90.17	63.85	73.83
4.87	66.61	90.29	63.57	73.22
4.88	66.22	90.37	63.29	72.78
4.89	65.87	90.22	63.13	72.19
4.90	65.54	90.01	62.90	71.76
4.91	65.23	89.71	62.70	71.35
4.92	65.02	89.22	62.57	70.94
4.93	64.82	88.71	62.52	70.49
4.94	64.61	88.16	62.45	70.03
4.95	64.55	87.49	62.28	69.53
4.96	64.32	86.81	62.33	69.11
4.97	64.02	86.12	62.18	68.63
4.98	63.76	85.46	61.89	68.27
4.99	63.53	84.62	61.61	67.98
5.00	63.28	83.89	61.18	67.62
5.01	63.10	82.99	60.81	67.36
5.02	62.83	82.14	60.41	67.02
5.03	62.73	81.37	60.02	66.72
5.04	62.57	80.50	59.62	66.40
5.05	62.49	79.62	59.31	66.01
5.06	62.34	78.81	59.10	65.74
5.07	62.21	78.06	58.99	65.43
5.08	62.00	77.40	59.36	65.14
5.09	61.96	76.75	60.81	64.79
5.10	61.85	76.08	63.81	64.49
5.11	61.72	75.55	68.87	64.22
5.12	61.55	75.06	76.01	63.98
5.13	61.35	74.58	84.96	63.81
5.14	61.11	74.13	95.13	63.48
5.15	60.79	73.64	105.48	63.34
5.16	60.40	73.28	115.05	63.23
5.17	60.06	72.84	123.08	63.12
5.18	59.63	72.34	129.00	63.04
5.19	59.24	71.94	132.64	62.87
5.20	58.83	71.51	134.20	62.76
5.21	58.55	71.05	134.23	62.63
5.22	58.30	70.66	133.34	62.41
5.23	58.63	70.35	131.87	62.21
5.24	59.80	69.99	130.19	61.86
5.25	62.52	69.67	128.65	61.53
5.26	67.24	69.28	127.11	61.19
5.27	74.28	69.01	125.81	60.89
5.28	83.26	68.66	124.64	60.56
5.29	93.86	68.20	123.50	60.23
5.30	104.98	67.84	122.43	59.93
5.31	115.58	67.30	121.39	59.68
5.32	124.52	66.90	120.40	59.53
5.33	131.53	66.54	119.45	59.45
5.34	136.02	66.27	118.53	59.85
5.35	138.14	65.86	117.59	61.25
5.36	138.53	65.54	116.55	63.95
5.37	137.73	65.27	115.38	68.51
5.38	136.08	65.01	113.95	74.98
5.39	134.15	64.70	112.27	83.23
5.40	132.28	64.41	110.11	92.79
5.41	130.68	64.18	107.43	102.64
5.42	129.12	63.96	104.10	112.22
5.43	128.10	63.67	100.19	120.47
5.44	127.21	63.42	96.02	127.09
5.45	126.47	63.11	91.66	131.70
5.46	125.92	62.86	87.81	134.51
5.47	125.54	62.61	84.57	135.82
5.48	125.19	62.43	82.41	135.97
5.49	124.73	62.12	81.11	135.40
5.50	124.25	62.05	80.58	134.47
5.51	123.69	61.84	80.62	133.41
5.52	122.74	61.82	80.85	132.40
5.53	121.57	61.70	81.20	131.50
5.54	120.06	61.71	81.43	130.57
5.55	118.12	61.57	81.58	129.71
5.56	115.68	61.60	81.45	128.86
5.57	112.70	61.43	81.17	127.99
5.58	109.28	61.30	80.76	127.26
5.59	105.20	61.02	80.27	126.49
5.60	100.77	60.81	79.76	125.60
5.61	96.27	60.44	79.14	124.61
5.62	92.10	60.25	78.56	123.66
5.63	88.64	59.89	77.81	122.40
5.64	86.29	59.60	77.26	120.99
5.65	84.88	59.23	76.56	119.15
5.66	84.28	58.98	75.90	116.94
5.67	84.35	58.63	75.18	114.10
5.68	84.74	58.44	74.53	110.58
5.69	85.16	58.25	73.83	106.38
5.70	85.51	58.40	73.21	101.84
5.71	85.67	59.06	72.53	97.28
5.72	85.67	60.84	71.96	93.15
5.73	85.49	64.19	71.37	89.87
5.74	85.22	69.48	70.74	87.56
5.75	84.90	76.72	70.11	86.23
5.76	84.43	85.69	69.64	85.67
5.77	83.93	95.79	69.06	85.54
5.78	83.43	106.44	68.65	85.61
5.79	82.87	116.62	68.21	85.70
5.80	82.10	125.47	67.84	85.66
5.81	81.37	132.60	67.42	85.57
5.82	80.54	137.70	67.17	85.29
5.83	79.73	140.87	66.75	84.88
5.84	78.87	142.38	66.52	84.44
5.85	78.01	142.68	66.09	83.98
5.86	77.17	142.30	65.73	83.49
5.87	76.32	141.56	65.42	83.01
5.88	75.61	140.65	65.13	82.51
5.89	74.96	139.79	64.78	81.93
5.90	74.43	139.09	64.46	81.27
5.91	74.02	138.37	64.08	80.54
5.92	73.53	137.89	63.78	79.91
5.93	73.19	137.32	63.42	79.16
5.94	72.75	136.82	63.20	78.39
5.95	72.42	136.38	62.95	77.61
5.96	71.94	135.87	62.70	76.88
5.97	71.47	135.22	62.38	76.10
5.98	70.96	134.52	62.25	75.48
5.99	70.53	133.57	61.85	74.90
6.00	70.14	132.50	61.61	74.32
6.01	69.70	131.04	61.22	73.77
6.02	69.29	129.28	60.96	73.28
6.03	68.93	126.99	60.65	72.78
6.04	68.57	124.16	60.38	72.27
6.05	68.30	120.57	60.18	71.89
6.06	67.97	116.26	59.93	71.54
6.07	67.77	111.34	59.64	71.16
6.08	67.49	106.24	59.56	70.64
6.09	67.34	101.29	59.51	70.38
6.10	67.11	96.90	59.53	69.94
6.11	66.84	93.53	59.43	69.55
6.12	66.59	91.19	59.47	69.23
6.13	66.34	89.69	59.40	68.84
6.14	65.96	89.04	59.21	68.41
6.15	65.57	88.82	58.94	68.16
6.16	65.13	88.80	58.62	67.80
6.17	64.72	88.82	58.27	67.50
6.18	64.29	88.79	57.90	67.21
6.19	63.93	88.55	57.49	66.89
6.20	63.59	88.25	57.22	66.59
6.21	63.23	87.89	56.87	66.28
6.22	62.86	87.39	56.58	66.03
6.23	62.63	86.87	56.24	65.71
6.24	62.38	86.43	56.21	65.46
6.25	62.16	85.80	56.56	65.17
6.26	62.04	85.22	57.75	64.80
6.27	61.93	84.56	60.29	64.58
6.28	61.88	83.82	64.65	64.33
6.29	61.99	83.00	71.08	64.19
6.30	62.10	82.17	79.33	63.98
6.31	62.22	81.23	88.88	63.92
6.32	62.13	80.40	98.94	63.75
6.33	62.10	79.55	108.50	63.72
6.34	61.99	78.78	116.68	63.64
6.35	61.73	77.95	123.06	63.53
6.36	61.37	77.40	127.26	63.41
6.37	61.03	76.76	129.37	63.22
6.38	60.65	76.05	129.78	62.99
6.39	60.36	75.46	129.07	62.71
6.40	60.04	74.89	127.71	62.41
6.41	59.86	74.29	126.04	62.07
6.42	59.77	73.83	124.35	61.83
6.43	59.56	73.22	122.70	61.46
6.44	59.39	72.81	121.21	61.14
6.45	59.21	72.36	119.72	60.74
6.46	58.98	71.87	118.30	60.48
6.47	58.91	71.37	116.99	60.42
6.48	59.30	71.02	115.69	60.70
6.49	60.74	70.56	114.42	61.99
6.50	63.64	70.25	113.26	64.55
6.51	68.67	69.81	112.00	68.87
6.52	75.70	69.50	110.90	75.34
6.53	84.61	69.12	109.69	83.62
6.54	94.44	68.70	108.38	93.25
6.55	104.76	68.28	106.81	103.52
6.56	114.05	67.93	104.89	113.44
6.57	121.93	67.59	102.49	122.33
6.58	127.63	67.20	99.46	129.47
6.59	131.07	66.81	95.83	134.67
6.60	132.48	66.49	91.91	137.94
6.61	132.39	66.12	87.89	139.65
6.62	131.12	65.80	84.39	140.08
6.63	129.31	65.46	81.59	139.77
6.64	127.38	65.18	79.67	139.09
6.65	125.60	64.82	78.63	138.24
6.66	123.81	64.61	78.32	137.41
6.67	122.45	64.21	78.39	136.60
6.68	121.06	63.94	78.63	135.94
6.69	119.96	63.60	78.97	135.13
6.70	118.88	63.26	79.16	134.46
6.71	117.94	62.99	79.18	133.77
6.72	117.09	62.68	79.06	133.09
6.73	116.17	62.41	78.82	132.41
6.74	115.33	62.16	78.41	131.62
6.75	114.50	61.92	78.00	130.84
6.76	113.49	61.70	77.49	129.83
6.77	112.39	61.41	77.07	128.85
6.78	110.98	61.22	76.55	127.50
6.79	109.17	61.03	75.97	126.00
6.80	106.70	60.75	75.56	124.14
6.81	103.63	60.64	74.98	121.85
6.82	99.94	60.52	74.35	118.96
6.83	95.81	60.37	73.72	115.47
6.84	91.57	60.23	73.01	111.36
6.85	87.73	60.09	72.27	106.74
6.86	84.59	60.04	71.62	102.13
6.87	82.50	59.98	70.94	97.72
6.88	81.37	59.91	70.35	94.12
6.89	81.15	59.87	69.78	91.31
6.90	81.37	59.71	69.25	89.56
6.91	81.97	59.63	68.82	88.52
6.92	82.44	59.32	68.35	88.08
6.93	82.99	59.07	67.96	88.05
6.94	83.16	58.77	67.52	88.05
6.95	83.17	58.50	67.15	88.08
6.96	83.01	58.27	66.81	88.03
6.97	82.74	57.89	66.41	87.97
6.98	82.26	57.72	66.19	87.70
6.99	81.86	57.37	65.78	87.26
7.00	81.31	57.14	65.40	86.66
7.01	80.79	56.83	65.00	86.08
7.02	80.10	56.82	64.79	85.50
7.03	79.61	57.07	64.42	84.88
7.04	78.84	58.03	64.09	84.24
7.05	78.09	60.20	63.82	83.55
7.06	77.35	64.22	63.48	82.77
7.07	76.63	70.07	63.18	82.03
7.08	75.88	77.80	62.90	81.16
7.09	75.15	87.11	62.59	80.34
7.10	74.49	97.47	62.27	79.53
7.11	73.88	108.03	61.96	78.72
7.12	73.15	117.94	61.74	77.97
7.13	72.67	126.38	61.48	77.24
7.14	72.28	132.97	61.24	76.58
7.15	71.82	137.51	61.00	76.01
7.16	71.38	140.23	60.74	75.41
7.17	71.07	141.37	60.60	74.82
7.18	70.63	141.57	60.58	74.27
7.19	70.22	141.18	60.41	73.70
7.20	69.97	140.61	60.40	73.23
7.21	69.57	139.75	60.23	72.66
7.22	69.22	139.10	60.15	72.26
7.23	68.86	138.44	59.91	71.82
7.24	68.54	137.82	59.70	71.40
7.25	68.24	137.16	59.37	71.01
7.26	67.88	136.67	58.97	70.61
7.27	67.60	136.20	58.64	70.19
7.28	67.36	135.69	58.33	69.82
7.29	67.00	135.17	57.95	69.45
7.30	66.65	134.51	57.70	69.04
7.31	66.34	133.71	57.33	68.73
7.32	66.01	132.84	57.01	68.32
7.33	65.64	131.56	56.76	68.06
7.34	65.35	130.14	56.68	67.68
7.35	65.08	128.38	56.96	67.33
7.36	64.69	126.11	57.92	66.92
7.37	64.46	123.53	60.06	66.65
7.38	64.17	120.20	64.00	66.31
7.39	63.92	116.12	69.88	66.05
7.40	63.60	111.52	77.60	65.77
7.41	63.46	106.56	86.73	65.50
7.42	63.21	101.71	96.44	65.16
7.43	63.00	97.35	105.75	64.86
7.44	62.69	93.84	114.07	64.58
7.45	62.47	91.25	120.43	64.32
7.46	62.07	89.68	124.85	64.00
7.47	61.86	88.83	127.11	63.76
7.48	61.57	88.52	127.77	63.41
7.49	61.40	88.44	127.13	63.16
7.50	61.22	88.48	125.76	62.88
7.51	61.12	88.38	124.06	62.67
7.52	61.01	88.38	122.26	62.43
7.53	61.02	88.04	120.48	62.38
7.54	60.98	87.68	118.83	62.18
7.55	60.85	87.26	117.16	62.19
7.56	60.71	86.82	115.81	62.07
7.57	60.62	86.25	114.42	61.91
7.58	60.46	85.73	113.20	61.91
7.59	60.38	85.07	111.89	61.81
7.60	60.20	84.54	110.76	61.64
7.61	60.01	83.69	109.60	61.41
7.62	59.80	82.97	108.45	61.19
7.63	59.62	82.11	107.22	60.97
7.64	59.27	81.28	105.81	60.68
7.65	58.99	80.41	104.22	60.31
7.66	58.67	79.55	102.19	60.03
7.67	58.44	78.66	99.61	59.65
7.68	58.03	77.87	96.42	59.35
7.69	57.78	77.20	92.70	59.11
7.70	57.48	76.59	88.81	58.91
7.71	57.31	75.95	85.14	58.86
7.72	57.38	75.37	82.05	59.24
7.73	58.25	74.82	79.69	60.58
7.74	60.21	74.37	78.20	63.31
7.75	64.03	73.77	77.53	67.96
7.76	69.78	73.28	77.46	74.59
7.77	77.63	72.81	77.60	83.11
7.78	86.90	72.40	78.04	92.80
7.79	97.00	71.94	78.28	103.03
7.80	106.92	71.55	78.48	112.74
7.81	115.79	71.07	78.31	121.39
7.82	122.78	70.75	78.06	128.32
7.83	127.63	70.36	77.61	133.22
7.84	130.23	69.92	77.22	136.28
7.85	130.99	69.44	76.74	137.82
7.86	130.39	69.11	76.35	138.16
7.87	129.06	68.72	75.88	137.87
7.88	127.21	68.35	75.50	137.22
7.89	125.35	68.05	74.96	136.42
7.90	123.56	67.70	74.44	135.67
7.91	122.02	67.39	73.79	134.98
7.92	120.53	67.05	73.19	134.21
7.93	119.26	66.75	72.51	133.53
7.94	118.08	66.50	71.85	132.98
7.95	117.03	66.13	71.26	132.32
7.96	116.01	65.90	70.57	131.62
7.97	115.27	65.52	70.01	130.80
7.98	114.41	65.20	69.42	130.07
7.99	113.51	64.85	68.80	129.21
8.00	112.54	64.56	68.35	128.20
8.01	111.55	64.27	67.92	127.00
8.02	110.24	64.03	67.52	125.61
8.03	108.70	63.67	67.17	123.97
8.04	106.64	63.45	66.80	121.96
8.05	104.13	63.14	66.40	119.47
8.06	100.95	62.80	66.06	116.47
8.07	97.36	62.64	65.68	112.86
8.08	93.29	62.44	65.36	108.50
8.09	89.40	62.14	64.98	103.78
8.10	85.89	61.88	64.58	99.26
8.11	83.17	61.72	64.29	95.05
8.12	81.33	61.63	63.98	91.72
8.13	80.47	61.36	63.62	89.27
8.14	80.27	61.15	63.34	87.89
8.15	80.58	61.01	62.99	87.07
8.16	80.97	60.89	62.74	86.84
8.17	81.37	60.76	62.37	86.83
8.18	81.72	60.68	62.08	86.93
8.19	81.72	60.49	61.84	86.86
8.20	81.61	60.56	61.60	86.73
8.21	81.47	60.52	61.27	86.41
8.22	81.12	60.41	61.05	85.95
8.23	80.82	60.27	60.84	85.47
8.24	80.39	60.24	60.62	85.02
8.25	80.01	60.12	60.45	84.50
8.26	79.61	59.98	60.34	83.95
8.27	79.11	59.74	60.17	83.37
8.28	78.50	59.58	60.12	82.72
8.29	77.76	59.36	59.96	82.09
8.30	76.97	59.04	59.92	81.34
8.31	76.25	58.66	59.69	80.59
8.32	75.36	58.34	59.49	79.82
8.33	74.68	58.07	59.18	79.03
8.34	73.99	57.81	58.99	78.29
8.35	73.50	57.70	58.62	77.46
8.36	72.96	58.22	58.25	76.77
8.37	72.57	59.56	57.87	76.07
8.38	72.15	62.36	57.60	75.49
8.39	71.82	67.03	57.25	74.80
8.40	71.46	73.72	56.94	74.26
8.41	70.99	82.25	56.57	73.76
8.42	70.36	92.21	56.41	73.22
8.43	69.82	102.86	56.49	72.88
8.44	69.24	113.36	57.31	72.42
8.45	68.75	122.98	59.27	71.96
8.46	68.18	130.94	62.81	71.54
8.47	67.78	136.83	68.52	71.10
8.48	67.44	140.73	75.96	70.68
8.49	67.19	142.96	85.02	70.32
8.50	66.98	143.80	94.80	69.83
8.51	66.83	143.69	104.51	69.48
8.52	66.65	143.23	113.25	69.08
8.53	66.42	142.56	120.05	68.66
8.54	66.13	141.96	124.94	68.33
8.55	65.84	141.34	127.71	68.01
8.56	65.32	140.78	128.68	67.60
8.57	65.01	140.36	128.26	67.24
8.58	64.58	140.01	127.02	66.84
8.59	64.18	139.53	125.40	66.44
8.60	63.76	139.18	123.61	66.17
8.61	63.54	138.73	121.89	65.90
8.62	63.20	138.32	120.27	65.56
8.63	62.99	137.79	118.71	65.40
8.64	62.80	137.08	117.28	65.05
8.65	62.76	136.14	115.88	64.69
8.66	62.54	135.10	114.67	64.46
8.67	62.35	133.74	113.50	64.25
8.68	61.98	132.11	112.34	63.90
8.69	61.75	130.08	111.20	63.59
8.70	61.39	127.72	110.15	63.33
8.71	61.05	124.75	109.05	63.13
8.72	60.78	121.19	107.79	62.90
8.73	60.60	116.87	106.30	62.75
8.74	60.31	112.07	104.55	62.63
8.75	60.24	107.01	102.30	62.55
8.76	60.15	102.10	99.45	62.41
8.77	60.23	97.73	96.04	62.29
8.78	60.13	94.36	92.17	62.13
8.79	60.23	91.79	88.15	62.04
8.80	60.12	90.29	84.41	61.85
8.81	60.06	89.52	81.36	61.59
8.82	59.85	89.19	79.22	61.25
8.83	59.67	89.15	77.90	60.97
8.84	59.27	89.24	77.38	60.62
8.85	58.97	89.13	77.37	60.30
8.86	58.69	89.01	77.72	59.96
8.87	58.36	88.80	78.13	59.66
8.88	57.94	88.49	78.40	59.33
8.89	57.69	88.05	78.47	59.12
8.90	57.47	87.48	78.40	58.94
8.91	57.20	86.90	78.15	59.13
8.92	56.86	86.38	77.79	59.96
8.93	56.80	85.74	77.41	61.92
8.94	56.96	85.10	76.91	65.33
8.95	58.01	84.46	76.52	70.65
8.96	60.31	83.65	75.92	77.86
8.97	64.55	82.77	75.36	86.55
8.98	70.86	81.90	74.84	96.09
8.99	79.17	80.90	74.30	105.64
9.00	88.74	80.06	73.72	114.33
9.01	99.16	79.13	73.02	121.61
9.02	108.84	78.31	72.41	127.17
9.03	117.55	77.57	71.76	130.86
9.04	124.19	76.94	71.13	132.90
9.05	128.69	76.25	70.39	133.67
9.06	130.91	75.67	69.82	133.52
9.07	131.43	74.97	69.33	132.75
9.08	130.71	74.41	68.96	131.92
9.09	129.25	73.89	68.46	130.95
9.10	127.47	73.29	68.05	130.00
9.11	125.64	72.80	67.66	129.03
9.12	123.94	72.42	67.27	128.15
9.13	122.34	72.06	66.78	127.24
9.14	121.03	71.55	66.46	126.26
9.15	119.92	71.10	66.04	125.34
9.16	118.90	70.71	65.71	124.41
9.17	118.02	70.26	65.25	123.57
9.18	117.14	69.78	65.00	122.59
9.19	116.39	69.34	64.66	121.52
9.20	115.58	68.92	64.44	120.26
9.21	114.70	68.55	64.11	118.74
9.22	113.79	68.15	63.85	117.01
9.23	112.68	67.79	63.50	114.84
9.24	111.34	67.44	63.24	111.99
9.25	109.83	67.14	62.87	108.45
9.26	107.87	66.83	62.68	104.29
9.27	105.56	66.45	62.27	99.82
9.28	102.52	66.20	61.95	95.32
9.29	98.99	65.82	61.67	91.48
9.30	94.95	65.50	61.44	88.42
9.31	90.83	65.13	61.31	86.46
9.32	86.95	64.75	61.16	85.21
9.33	83.93	64.45	61.00	84.74
9.34	81.76	64.17	60.87	84.64
9.35	80.64	63.81	60.73	84.78
9.36	80.35	63.54	60.71	84.83
9.37	80.75	63.18	60.54	84.70
9.38	81.39	62.90	60.47	84.51
9.39	82.08	62.63	60.26	84.18
9.40	82.62	62.42	60.01	83.64
9.41	82.84	62.11	59.72	83.29
9.42	82.74	61.95	59.40	82.79
9.43	82.41	61.74	59.05	82.36
9.44	81.98	61.58	58.64	81.78
9.45	81.56	61.28	58.30	81.31
9.46	80.90	61.22	57.93	80.73
9.47	80.42	61.00	57.55	80.10
9.48	79.87	60.86	57.31	79.50
9.49	79.35	60.75	57.11	78.85
9.50	78.72	60.77	57.18	78.09
9.51	78.20	60.70	57.84	77.40
9.52	77.56	60.56	59.60	76.58
9.53	76.86	60.45	62.92	75.90
9.54	76.08	60.37	68.25	75.24
9.55	75.45	60.09	75.54	74.61
9.56	74.71	59.89	84.53	74.10
9.57	74.02	59.59	94.46	73.47
9.58	73.32	59.29	104.46	72.90
9.59	72.87	58.95	113.52	72.42
9.60	72.31	58.64	121.01	71.93
9.61	71.84	58.25	126.28	71.53
9.62	71.53	57.92	129.44	71.04
9.63	71.10	57.67	130.82	70.62
9.64	70.72	57.55	130.59	70.15
9.65	70.44	57.65	129.42	69.76
9.66	70.09	58.60	127.78	69.38
9.67	69.72	60.72	126.01	69.06
9.68	69.27	64.58	124.41	68.65
9.69	68.90	70.38	122.81	68.30
9.70	68.57	78.07	121.41	67.93
9.71	68.22	87.28	120.09	67.57
9.72	67.78	97.55	118.87	67.20
9.73	67.47	108.09	117.72	66.85
9.74	67.05	117.94	116.74	66.51
9.75	66.70	126.47	115.61	66.14
9.76	66.32	133.18	114.61	65.83
9.77	66.03	137.81	113.51	65.57
9.78	65.69	140.57	112.57	65.24
9.79	65.38	141.83	111.29	65.03
9.80	65.10	142.19	110.08	64.65
9.81	64.94	141.84	108.39	64.32
9.82	64.68	141.30	106.33	64.00
9.83	64.50	140.68	103.85	63.69
9.84	64.28	140.11	100.74	63.34
9.85	64.10	139.51	97.07	63.10
9.86	63.84	138.98	93.06	62.85
9.87	63.65	138.39	89.04	62.60
9.88	63.31	137.97	85.31	62.28
9.89	63.08	137.54	82.42	62.06
9.90	62.65	137.01	80.50	61.89
9.91	62.39	136.50	79.29	61.71
9.92	62.17	135.96	78.84	61.64
9.93	62.02	135.34	78.97	61.68
9.94	61.91	134.45	79.25	61.58
9.95	61.85	133.39	79.53	61.48
9.96	61.74	132.10	79.88	61.35
9.97	61.85	130.45	79.93	61.15
9.98	61.76	128.48	79.80	61.01
9.99	61.74	126.17	79.50	60.78
10.00	61.57	123.25	79.11	60.42
10.01	61.41	119.70	78.69	60.14
10.02	61.18	115.49	78.31	59.73
10.03	60.87	110.59	77.85	59.46
10.04	60.63	105.61	77.40	59.19
10.05	60.29	100.69	76.88	58.96
10.06	59.95	96.49	76.28	58.66
10.07	59.58	93.10	75.68	58.37
10.08	59.27	90.76	75.13	58.11
10.09	58.90	89.13	74.35	58.10
10.10	58.64	88.38	73.67	58.52
10.11	58.55	88.03	72.92	59.77
10.12	58.91	87.98	72.37	62.37
10.13	60.15	87.93	71.62	66.89
10.14	62.76	87.92	71.02	73.23
10.15	67.36	87.82	70.39	81.27
10.16	74.05	87.51	69.89	90.53
10.17	82.64	87.15	69.29	100.20
10.18	92.54	86.71	68.98	109.44
10.19	103.09	86.16	68.48	117.52
10.20	113.04	85.55	68.16	123.92
10.21	121.61	84.93	67.80	128.64
10.22	128.02	84.34	67.46	131.64
10.23	132.32	83.68	67.20	133.13
10.24	134.29	83.05	66.96	133.52
10.25	134.70	82.16	66.71	133.22
10.26	133.87	81.31	66.36	132.38
10.27	132.35	80.50	66.05	131.45
10.28	130.63	79.64	65.64	130.37
10.29	128.94	78.71	65.19	129.37
10.30	127.47	77.96	64.92	128.39
10.31	126.08	77.15	64.49	127.43
10.32	124.85	76.47	64.18	126.36
10.33	123.83	75.72	63.89	125.48
10.34	122.90	75.10	63.68	124.53
10.35	122.14	74.55	63.38	123.77
10.36	121.24	74.04	63.20	122.76
10.37	120.58	73.46	62.90	121.80
10.38	119.81	72.98	62.58	120.64
10.39	119.15	72.53	62.29	119.40
10.40	118.33	72.09	62.00	117.78
10.41	117.40	71.57	61.68	116.01
10.42	116.24	71.09	61.41	113.62
10.43	115.00	70.63	61.19	110.70
10.44	113.34	70.25	61.09	107.02
10.45	111.28	69.79	60.96	102.89
10.46	108.65	69.39	60.90	98.33
10.47	105.42	68.93	60.81	94.09
10.48	101.51	68.62	60.81	90.32
10.49	97.26	68.20	60.67	87.52
10.50	92.99	67.89	60.68	85.61
10.51	89.15	67.47	60.48	84.53
10.52	86.05	67.19	60.42	84.12
10.53	83.96	66.83	60.05	84.16
10.54	82.83	66.51	59.79	84.20
10.55	82.61	66.26	59.49	84.25
10.56	82.77	65.91	59.28	84.10
10.57	83.32	65.52	58.87	83.95
10.58	83.89	65.14	58.55	83.55
10.59	84.42	64.75	58.19	83.06
10.60	84.72	64.47	57.98	82.65
10.61	84.83	64.11	57.84	82.18
10.62	84.71	63.84	58.16	81.62
10.63	84.43	63.46	59.34	81.09
10.64	83.90	63.18	62.16	80.51
10.65	83.50	62.83	66.76	79.99
10.66	82.93	62.59	73.51	79.36
10.67	82.39	62.25	82.27	78.81
10.68	81.64	62.03	92.26	78.02
10.69	81.17	61.74	102.67	77.32
10.70	80.32	61.64	112.61	76.58
10.71	79.60	61.35	120.97	75.93
10.72	78.76	61.14	127.46	75.15
10.73	77.89	60.94	131.70	74.55
10.74	77.04	60.82	133.93	73.85
10.75	76.30	60.65	134.36	73.33
10.76	75.59	60.57	133.74	72.66
10.77	74.95	60.43	132.55	72.17
10.78	74.33	60.36	130.93	71.67
10.79	73.81	60.28	129.38	71.35
10.80	73.35	60.22	127.90	70.89
10.81	72.95	60.06	126.58	70.42
10.82	72.53	59.93	125.43	70.02
10.83	72.20	59.72	124.24	69.53
10.84	71.79	59.51	123.23	69.10
10.85	71.43	59.22	122.19	68.74
10.86	71.06	59.02	121.21	68.31
10.87	70.80	58.74	120.31	67.95
10.88	70.36	58.41	119.37	67.52
10.89	69.99	58.04	118.32	67.19
10.90	69.73	57.78	117.30	66.79
10.91	69.38	57.51	115.98	66.48
10.92	69.09	57.25	114.64	66.15
10.93	68.81	57.07	112.93	65.92
10.94	68.56	57.47	111.01	65.52
10.95	68.46	58.57	108.59	65.22
10.96	68.05	61.03	105.64	64.81
10.97	67.77	65.09	102.10	64.52
10.98	67.44	71.09	98.10	64.10
10.99	67.10	78.92	93.90	63.78
11.00	66.71	88.23	89.93	63.43
11.01	66.37	98.34	86.48	63.26
11.02	66.04	108.45	83.93	63.03
11.03	65.63	117.80	82.25	62.82
11.04	65.33	125.78	81.40	62.60
11.05	65.07	131.76	81.13	62.31
11.06	64.72	135.88	81.18	62.11
11.07	64.48	138.15	81.38	61.91
11.08	64.17	139.29	81.62	61.78
11.09	64.08	139.22	81.67	61.72
11.10	63.86	138.69	81.73	61.58
11.11	63.76	137.86	81.62	61.61
11.12	63.64	137.06	81.45	61.43
11.13	63.62	136.19	80.99	61.30
11.14	63.42	135.43	80.68	61.09
11.15	63.39	134.66	80.10	60.94
11.16	63.12	134.05	79.52	60.67
11.17	62.87	133.38	78.79	60.42
11.18	62.57	132.72	78.04	60.10
11.19	62.30	132.07	77.22	59.85
11.20	61.91	131.51	76.51	59.56
11.21	61.55	130.76	75.72	59.28
11.22	61.15	129.91	75.03	59.02
11.23	60.85	128.89	74.44	58.71
11.24	60.51	127.63	73.87	58.40
11.25	60.21	126.03	73.19	58.25
11.26	60.07	124.01	72.75	58.20
11.27	60.32	121.44	72.06	58.79
11.28	61.41	118.33	71.48	60.31
11.29	64.06	114.36	70.77	63.40
11.30	68.57	109.93	70.14	68.31
11.31	75.32	105.05	69.40	75.13
11.32	84.03	100.37	68.93	83.46
11.33	94.25	96.14	68.38	92.99
11.34	104.92	92.73	67.99	102.62
11.35	115.21	90.22	67.69	111.76
11.36	123.91	88.69	67.38	119.50
11.37	130.57	87.71	67.19	125.64
11.38	134.89	87.36	67.07	129.94
11.39	136.81	87.19	66.94	132.46
11.40	137.04	87.13	66.67	133.68
11.41	136.05	87.05	66.29	133.85
11.42	134.32	86.94	66.02	133.30
11.43	132.37	86.60	65.54	132.52
11.44	130.51	86.18	65.13	131.62
11.45	128.93	85.77	64.66	130.75
11.46	127.53	85.30	64.25	129.80
11.47	126.43	84.80	63.92	128.92
11.48	125.54	84.27	63.64	128.05
11.49	124.71	83.64	63.49	127.11
11.50	124.00	83.16	63.30	126.20
11.51	123.35	82.45	63.01	125.28
11.52	122.67	81.71	62.82	124.38
11.53	122.04	80.89	62.50	123.47
11.54	121.30	80.15	62.30	122.43
11.55	120.60	79.25	61.94	121.35
11.56	119.76	78.47	61.64	120.06
11.57	118.60	77.73	61.30	118.63
11.58	117.25	77.02	60.99	116.74
11.59	115.61	76.30	60.63	114.54
11.60	113.40	75.68	60.34	111.60
11.61	110.61	74.97	60.07	108.16
11.62	107.21	74.35	59.82	104.08
11.63	103.19	73.77	59.60	99.72
11.64	98.76	73.29	59.56	95.42
11.65	94.25	72.73	59.46	91.62
11.66	90.34	72.31	59.38	88.62
11.67	87.16	71.84	59.37	86.62
11.68	84.92	71.46	59.36	85.30
11.69	83.82	70.99	59.36	84.86
11.70	83.40	70.55	59.35	84.62
11.71	83.65	70.07	59.29	84.65
11.72	84.09	69.67	59.15	84.60
11.73	84.81	69.20	58.94	84.44
11.74	85.25	68.84	58.73	84.15
11.75	85.58	68.43	58.41	83.83
11.76	85.55	68.13	58.08	83.43
11.77	85.41	67.68	57.68	83.06
11.78	85.07	67.29	57.24	82.60
11.79	84.65	67.02	56.83	82.11
11.80	84.08	66.62	56.52	81.61
11.81	83.45	66.24	56.19	81.11
11.82	82.77	65.97	56.04	80.57
11.83	82.11	65.57	56.28	79.94
11.84	81.44	65.32	57.50	79.32
11.85	80.68	65.08	60.01	78.56
11.86	79.87	64.70	64.45	77.84
11.87	79.11	64.33	70.91	77.13
11.88	78.25	64.03	79.32	76.34
11.89	77.36	63.71	88.95	75.66
11.90	76.58	63.44	99.20	75.01
11.91	75.93	63.11	109.06	74.36
11.92	75.20	62.86	117.67	73.77
11.93	74.61	62.56	124.27	73.13
11.94	74.05	62.23	128.76	72.62
11.95	73.66	61.92	131.16	72.18
11.96	73.13	61.74	131.86	71.75
11.97	72.76	61.42	131.42	71.32
11.98	72.33	61.24	130.25	70.88
11.99	71.96	61.03	128.70	70.40
12.00	71.55	60.75	127.13	69.95
12.01	71.22	60.55	125.62	69.61
12.02	70.81	60.34	124.30	69.26
12.03	70.47	60.06	122.96	68.83
12.04	70.11	59.82	121.82	68.46
12.05	69.91	59.57	120.56	68.09
12.06	69.47	59.45	119.44	67.72
12.07	69.06	59.17	118.19	67.41
12.08	68.72	59.03	117.11	67.03
12.09	68.31	58.83	115.96	66.72
12.10	67.88	58.63	114.81	66.41
12.11	67.59	58.50	113.72	66.05
12.12	67.25	58.38	112.43	65.76
12.13	67.03	58.19	111.11	65.45
12.14	66.67	58.19	109.46	65.20
12.15	66.39	58.12	107.46	64.91
12.16	66.17	58.09	104.99	64.65
12.17	65.87	58.05	101.96	64.30
12.18	65.49	57.96	98.33	64.05
12.19	65.26	57.83	94.19	63.76
12.20	64.93	57.73	90.12	63.47
12.21	64.60	57.51	86.29	63.22
12.22	64.25	57.34	83.15	62.93
12.23	63.99	57.09	80.98	62.67
12.24	63.65	56.96	79.68	62.38
12.25	63.37	56.71	79.25	62.26
12.26	63.09	56.42	79.33	62.08
12.27	62.93	56.18	79.72	62.13
12.28	62.71	55.93	80.07	61.96
12.29	62.54	55.61	80.43	61.91
12.30	62.42	55.47	80.60	61.85
12.31	62.36	55.48	80.47	61.72
12.32	62.22	56.17	80.23	61.58
12.33	62.16	57.88	79.89	61.50
12.34	62.05	61.19	79.43	61.25
12.35	61.99	66.19	78.85	61.03
12.36	61.85	73.25	78.31	60.81
12.37	61.73	81.94	77.71	60.42
12.38	61.56	91.81	77.14	60.09
12.39	61.33	102.11	76.50	59.80
12.40	61.01	112.10	75.97	59.41
12.41	60.70	120.89	75.32	59.12
12.42	60.34	128.12	74.68	58.88
12.43	60.06	133.29	73.89	58.91
12.44	59.76	136.65	73.26	59.29
12.45	59.46	138.44	72.55	60.62
12.46	59.09	139.18	71.88	63.31
12.47	58.80	139.02	71.20	67.87
12.48	58.70	138.44	70.63	74.46
12.49	58.80	137.72	70.08	82.72
12.50	59.52	137.01	69.59	92.26
12.51	61.37	136.13	69.20	102.31
12.52	64.85	135.41	68.85	111.89
12.53	70.47	134.61	68.51	120.29
12.54	78.06	133.99	68.13	127.06
12.55	87.38	133.29	67.81	131.91
12.56	97.55	132.68	67.48	134.98
12.57	107.71	131.95	67.03	136.61
12.58	116.85	131.29	66.73	137.13
12.59	124.18	130.46	66.32	136.88
12.60	129.16	129.56	66.01	136.36
12.61	132.02	128.46	65.61	135.52
12.62	132.74	127.19	65.34	134.73
12.63	132.07	125.45	65.01	133.99
12.64	130.38	123.47	64.58	133.20
12.65	128.34	120.96	64.18	132.57
12.66	126.21	117.81	63.91	131.81
12.67	124.20	113.94	63.58	131.12
12.68	122.42	109.56	63.29	130.35
12.69	120.94	104.78	62.92	129.64
12.70	119.63	100.09	62.63	128.76
12.71	118.39	95.76	62.29	127.90
12.72	117.31	92.27	61.95	126.95
12.73	116.38	89.76	61.79	125.73
12.74	115.44	88.11	61.58	124.45
12.75	114.73	87.22	61.36	122.91
12.76	113.94	86.98	61.23	120.94
12.77	113.17	86.87	61.20	118.78
12.78	112.19	86.82	61.15	116.04
12.79	111.02	86.82	61.08	112.62
12.80	109.52	86.66	61.06	108.53
12.81	107.54	86.37	60.89	104.06
12.82	104.77	85.99	60.73	99.56
12.83	101.47	85.47	60.48	95.33
12.84	97.57	85.08	60.19	91.80
12.85	93.48	84.50	59.75	89.21
12.86	89.44	84.09	59.38	87.45
12.87	86.09	83.47	58.92	86.47
12.88	83.51	82.89	58.63	86.07
12.89	82.02	82.30	58.17	85.91
12.90	81.35	81.67	57.92	85.86
12.91	81.48	80.84	57.63	85.85
12.92	81.94	80.02	57.40	85.69
12.93	82.66	79.17	57.16	85.47
12.94	83.22	78.31	57.19	85.11
12.95	83.57	77.41	57.69	84.75
12.96	83.62	76.55	59.20	84.34
12.97	83.54	75.89	62.13	83.98
12.98	83.24	75.26	66.95	83.49
12.99	82.85	74.54	73.69	82.99
13.00	82.24	74.10	82.15	82.31
13.01	81.71	73.62	91.54	81.62
13.02	81.10	73.20	101.10	80.93
13.03	80.52	72.75	109.99	80.26
13.04	79.88	72.24	117.36	79.41
13.05	79.28	71.79	122.78	78.62
13.06	78.64	71.39	126.13	77.74
13.07	77.95	70.87	127.64	77.02
13.08	77.24	70.41	127.64	76.31
13.09	76.56	69.93	126.56	75.55
13.10	75.93	69.51	125.09	74.78
13.11	75.28	69.09	123.25	74.15
13.12	74.58	68.60	121.56	73.47
13.13	74.05	68.29	119.95	72.95
13.14	73.42	67.96	118.49	72.45
13.15	72.97	67.58	117.06	72.06
13.16	72.41	67.26	115.70	71.57
13.17	72.04	66.95	114.41	71.10
13.18	71.51	66.58	113.27	70.66
13.19	71.12	66.23	112.04	70.19
13.20	70.58	65.98	110.89	69.70
13.21	70.11	65.58	109.59	69.26
13.22	69.74	65.22	108.49	68.87
13.23	69.31	64.91	107.18	68.46
13.24	68.93	64.72	105.69	68.07
13.25	68.66	64.30	103.87	67.68
13.26	68.35	64.00	101.60	67.28
13.27	68.16	63.73	98.85	67.00
13.28	67.91	63.47	95.37	66.69
13.29	67.65	63.22	91.56	66.36
13.30	67.40	62.85	87.65	66.02
13.31	67.17	62.53	84.06	65.68
13.32	66.94	62.30	81.13	65.38
13.33	66.62	62.04	79.02	65.05
13.34	66.22	61.72	77.84	64.70
13.35	66.01	61.44	77.41	64.42
13.36	65.55	61.27	77.58	64.00
13.37	65.24	61.10	77.93	63.70
13.38	64.93	60.78	78.36	63.47
13.39	64.61	60.53	78.64	63.14
13.40	64.33	60.41	78.78	62.88
13.41	64.11	60.23	78.69	62.65
13.42	63.84	60.15	78.37	62.32
13.43	63.75	59.93	77.99	62.09
13.44	63.54	59.83	77.59	61.76
13.45	63.47	59.74	77.15	61.57
13.46	63.25	59.73	76.67	61.28
13.47	63.18	59.63	76.18	61.11
13.48	62.98	59.59	75.67	60.78
13.49	62.87	59.52	75.11	60.59
13.50	62.67	59.36	74.46	60.28
13.51	62.38	59.26	73.88	60.06
13.52	62.03	59.05	73.29	59.91
13.53	61.81	58.86	72.56	59.74
13.54	61.44	58.63	71.93	59.46
13.55	61.19	58.39	71.21	59.24
13.56	60.92	58.17	70.62	58.99
13.57	60.67	57.80	69.99	58.77
13.58	60.36	57.61	69.51	58.59
13.59	60.09	57.27	68.96	58.50
13.60	59.86	57.01	68.54	58.36
13.61	59.57	56.88	68.10	58.33
13.62	59.43	57.23	67.74	58.22
13.63	59.51	58.26	67.33	58.15
13.64	60.21	60.58	66.96	58.06
13.65	62.07	64.55	66.58	58.11
13.66	65.61	70.52	66.16	57.98
13.67	71.19	78.26	65.81	57.88
13.68	78.82	87.57	65.42	57.67
13.69	88.08	97.75	65.13	57.50
13.70	98.12	108.04	64.88	57.26
13.71	108.20	117.74	64.55	57.11
13.72	117.08	126.05	64.29	56.76
13.73	124.18	132.46	63.98	56.57
13.74	129.03	136.96	63.63	56.18
13.75	131.62	139.60	63.35	55.81
13.76	132.27	140.94	63.02	55.69
13.77	131.42	141.08	62.69	55.65
13.78	129.77	140.81	62.39	56.21
13.79	127.76	140.09	62.07	57.84
13.80	125.63	139.38	61.86	60.97
13.81	123.76	138.66	61.52	65.97
13.82	122.17	137.95	61.25	72.85
13.83	120.72	137.29	60.99	81.37
13.84	119.50	136.74	60.75	90.93
13.85	118.44	136.11	60.54	100.74
13.86	117.40	135.46	60.34	109.98
13.87	116.48	134.91	60.16	118.00
13.88	115.66	134.39	60.06	124.41
13.89	114.86	133.74	59.87	128.95
13.90	113.98	133.08	59.77	131.95
13.91	113.07	132.14	59.72	133.49
13.92	112.01	131.04	59.59	133.92
13.93	110.76	129.74	59.42	133.80
13.94	109.05	128.08	59.21	133.16
13.95	107.09	126.09	58.97	132.61
13.96	104.35	123.59	58.74	131.89
13.97	100.97	120.50	58.44	131.18
13.98	97.03	116.88	58.12	130.52
13.99	92.86	112.49	57.78	129.71
14.00	88.98	107.68	57.48	128.86
14.01	85.66	102.80	57.11	128.04
14.02	83.32	98.33	56.87	127.13
14.03	81.90	94.47	56.56	126.27
14.04	81.34	91.63	56.30	125.29
14.05	81.49	89.76	56.22	124.33
14.06	82.00	88.71	56.74	123.25
14.07	82.69	88.19	58.12	122.01
14.08	83.16	88.13	61.11	120.66
14.09	83.54	88.00	65.91	119.15
14.10	83.65	87.97	72.58	117.18
14.11	83.50	87.91	81.07	115.00
14.12	83.13	87.65	90.55	111.96
14.13	82.74	87.41	100.33	108.53
14.14	82.19	87.03	109.39	104.47
14.15	81.64	86.63	116.93	100.11
14.16	81.07	86.23	122.52	95.70
14.17	80.50	85.66	126.07	91.85
14.18	79.91	85.10	127.65	88.69
14.19	79.25	84.50	127.79	86.35
14.20	78.55	83.83	126.93	84.94
14.21	77.93	83.10	125.46	84.22
14.22	77.11	82.25	123.78	83.84
14.23	76.44	81.37	122.05	83.79
14.24	75.73	80.65	120.44	83.76
14.25	74.98	79.69	118.85	83.70
14.26	74.27	78.89	117.42	83.54
14.27	73.67	77.98	116.02	83.32
14.28	73.14	77.33	114.77	82.98
14.29	72.64	76.58	113.48	82.57
14.30	72.09	76.00	112.33	82.11
14.31	71.68	75.34	111.14	81.49
14.32	71.29	74.76	109.96	80.97
14.33	70.91	74.28	108.81	80.45
14.34	70.54	73.77	107.59	79.80
14.35	70.28	73.35	106.33	79.26
14.36	69.92	72.87	104.69	78.68
14.37	69.59	72.40	102.61	77.94
14.38	69.29	72.02	100.10	77.27
14.39	68.97	71.62	96.84	76.52
14.40	68.62	71.28	93.21	75.81
14.41	68.18	70.77	89.26	75.11
14.42	67.80	70.45	85.47	74.35
14.43	67.50	69.96	82.13	73.68
14.44	67.09	69.62	79.63	73.04
14.45	66.85	69.24	77.97	72.45
14.46	66.55	68.89	77.22	71.95
14.47	66.31	68.51	77.10	71.41
14.48	65.92	68.26	77.49	70.89
14.49	65.63	67.85	77.88	70.50
14.50	65.35	67.51	78.31	69.99
14.51	65.08	67.23	78.50	69.60
14.52	64.73	66.97	78.52	69.16
14.53	64.47	66.59	78.30	68.73
14.54	64.17	66.30	78.04	68.35
14.55	63.91	66.00	77.53	67.94
14.56	63.62	65.69	77.19	67.52
14.57	63.42	65.32	76.63	67.22
14.58	63.26	65.04	76.25	66.83
14.59	63.13	64.69	75.80	66.53
14.60	62.96	64.47	75.20	66.08
14.61	63.03	64.11	74.59	65.75
14.62	62.89	63.84	73.96	65.34
14.63	62.74	63.62	73.37	65.04
14.64	62.59	63.38	72.69	64.75
14.65	62.49	63.14	72.13	64.46
14.66	62.11	62.82	71.40	64.15
14.67	61.86	62.54	70.79	63.86
14.68	61.52	62.43	70.16	63.45
14.69	61.20	62.18	69.61	63.22
14.70	60.78	61.91	69.11	62.90
14.71	60.46	61.71	68.64	62.60
14.72	60.10	61.54	68.26	62.28
14.73	59.91	61.29	67.83	62.02
14.74	59.55	61.18	67.34	61.79
14.75	59.37	60.89	66.98	61.50
14.76	59.30	60.75	66.68	61.19
14.77	59.63	60.56	66.29	60.97
14.78	60.79	60.50	65.96	60.62
14.79	63.40	60.34	65.54	60.40
14.80	67.91	60.31	65.24	60.12
14.81	74.49	60.24	64.91	59.93
14.82	83.00	60.24	64.61	59.76
14.83	92.91	60.27	64.20	59.48
14.84	103.25	60.23	63.91	59.32
14.85	113.13	60.09	63.53	59.13
14.86	121.45	60.07	63.31	58.80
14.87	127.80	59.90	62.93	58.70
14.88	131.76	59.74	62.71	58.47
14.89	133.58	59.53	62.43	58.33
14.90	133.77	59.30	62.09	58.27
14.91	132.66	59.01	61.83	58.19
14.92	130.87	58.76	61.60	58.06
14.93	128.89	58.42	61.38	58.08
14.94	126.94	58.19	61.09	57.98
14.95	125.19	58.00	60.75	57.97
14.96	123.67	58.00	60.51	57.80
14.97	122.32	58.31	60.26	57.72
14.98	121.22	59.59	60.11	57.44
14.99	120.22	62.08	59.96	57.23
15.00	119.28	66.38	59.95	56.92
15.01	118.43	72.62	59.95	56.60
15.02	117.55	80.79	59.96	56.32
15.03	116.70	90.44	59.88	56.10
15.04	115.88	100.89	59.79	55.77
15.05	115.05	111.35	59.61	55.55
15.06	113.88	121.08	59.36	55.28
15.07	112.55	129.23	58.94	55.13
15.08	110.99	135.53	58.66	55.18
15.09	108.86	139.85	58.31	55.79
15.10	106.08	142.32	58.00	57.38
15.11	102.69	143.50	57.63	60.36
15.12	98.74	143.71	57.34	65.11
15.13	94.43	143.32	57.01	71.70
15.14	90.20	142.77	56.81	79.88
15.15	86.62	142.08	56.56	88.80
15.16	84.02	141.48	56.54	97.92
15.17	82.40	140.92	56.85	106.64
15.18	81.67	140.35	58.10	114.01
15.19	82.00	139.71	60.70	119.93
15.20	82.55	139.31	65.24	124.28
15.21	83.27	138.73	71.71	126.94
15.22	83.95	138.26	79.99	128.37
15.23	84.45	137.67	89.56	128.73
15.24	84.64	137.12	99.47	128.50
15.25	84.59	136.43	108.83	127.85
15.26	84.27	135.61	116.92	126.92
15.27	83.96	134.54	123.04	126.06
15.28	83.36	133.28	127.00	125.03
15.29	82.85	131.64	128.97	124.01
15.30	82.11	129.79	129.40	123.00
15.31	81.45	127.55	128.69	122.01
15.32	80.73	124.96	127.49	121.00
15.33	80.05	121.74	125.94	120.01
15.34	79.23	117.86	124.37	118.98
15.35	78.47	113.38	122.84	117.94
15.36	77.61	108.50	121.41	116.88
15.37	76.85	103.60	120.14	115.74
15.38	76.12	99.07	118.89	114.45
15.39	75.44	95.24	117.67	112.88
15.40	74.73	92.38	116.48	111.10
15.41	74.16	90.37	115.30	108.72
15.42	73.61	89.26	114.17	105.83
15.43	73.14	88.64	113.02	102.48
15.44	72.69	88.49	111.91	98.54
15.45	72.42	88.33	110.66	94.52
15.46	71.98	88.36	109.42	90.64
15.47	71.71	88.17	107.81	87.36
15.48	71.32	88.14	106.07	84.86
15.49	71.04	87.77	103.91	83.22
15.50	70.72	87.38	101.15	82.27
15.51	70.39	86.91	97.76	81.84
15.52	70.00	86.45	93.92	81.71
15.53	69.75	85.78	89.82	81.70
15.54	69.27	85.19	86.06	81.48
15.55	68.99	84.41	82.81	81.43
15.56	68.63	83.70	80.36	81.16
15.57	68.28	82.80	78.85	80.87
15.58	67.87	82.04	78.21	80.38
15.59	67.63	81.06	78.11	79.95
15.60	67.33	80.26	78.56	79.47
15.61	67.00	79.38	78.89	78.97
15.62	66.62	78.51	79.30	78.53
15.63	66.29	77.72	79.52	78.13
15.64	65.85	76.95	79.41	77.63
15.65	65.49	76.23	79.26	77.05
15.66	65.13	75.57	78.89	76.42
15.67	64.96	74.86	78.42	75.80
15.68	64.70	74.34	77.98	75.11
15.69	64.53	73.72	77.51	74.42
15.70	64.47	73.30	77.03	73.80
15.71	64.36	72.74	76.53	73.08
15.72	64.30	72.28	75.99	72.40
15.73	64.27	71.87	75.41	71.84
15.74	64.11	71.49	74.75	71.28
15.75	64.09	71.02	74.06	70.81
15.76	63.97	70.58	73.55	70.27
15.77	63.86	70.12	72.83	69.82
15.78	63.56	69.77	72.20	69.30
15.79	63.37	69.27	71.53	68.89
15.80	62.98	68.92	70.94	68.41
15.81	62.70	68.48	70.35	68.03
15.82	62.33	68.14	69.84	67.64
15.83	62.02	67.75	69.40	67.25
15.84	61.65	67.44	68.90	66.83
15.85	61.34	67.00	68.45	66.47
15.86	60.90	66.72	68.07	66.08
15.87	60.62	66.35	67.72	65.83
15.88	60.36	66.06	67.36	65.38
15.89	60.46	65.69	67.03	65.09
15.90	61.14	65.40	66.70	64.72
15.91	63.15	65.00	66.33	64.40
15.92	66.88	64.74	65.97	64.06
15.93	72.86	64.35	65.68	63.73
15.94	80.78	64.06	65.43	63.40
15.95	90.51	63.70	65.03	63.13
15.96	101.16	63.45	64.79	62.80
15.97	111.85	63.11	64.44	62.52
15.98	121.30	62.80	64.22	62.25
15.99	128.78	62.45	63.92	61.96
16.00	133.92	62.18	63.62	61.63
16.01	136.71	61.92	63.35	61.42
16.02	137.45	61.69	63.03	61.13
16.03	136.74	61.39	62.75	60.90
16.04	135.17	61.15	62.52	60.56
16.05	133.27	60.95	62.21	60.31
16.06	131.23	60.81	62.02	60.03
16.07	129.44	60.51	61.74	59.80
16.08	127.96	60.29	61.60	59.61
16.09	126.69	60.05	61.37	59.37
16.10	125.53	59.88	61.25	59.19
16.11	124.70	59.63	61.19	59.08
16.12	123.86	59.41	61.08	58.93
16.13	123.12	59.11	60.95	58.90
16.14	122.43	58.94	60.91	58.72
16.15	121.82	58.62	60.84	58.70
16.16	121.17	58.42	60.66	58.53
16.17	120.54	58.28	60.45	58.47
16.18	119.70	58.19	60.23	58.20
16.19	118.68	58.10	59.90	58.13
16.20	117.32	58.00	59.57	57.93
16.21	115.74	57.95	59.24	57.69
16.22	113.57	57.94	58.94	57.37
16.23	110.85	57.85	58.45	57.07
16.24	107.31	57.78	58.18	56.76
16.25	103.30	57.67	57.84	56.54
16.26	98.83	57.60	57.75	56.29
16.27	94.39	57.48	57.87	56.01
16.28	90.41	57.31	58.89	55.64
16.29	87.42	57.11	61.07	55.51
16.30	85.30	56.96	65.17	55.64
16.31	84.42	56.74	71.21	56.43
16.32	84.17	56.56	79.31	58.25
16.33	84.75	56.22	88.76	61.72
16.34	85.35	55.93	98.99	66.91
16.35	86.02	55.65	108.89	73.83
16.36	86.49	55.42	117.69	82.11
16.37	86.79	55.25	124.60	91.19
16.38	86.76	55.40	129.45	100.30
16.39	86.51	56.14	132.20	108.67
16.40	86.13	58.00	133.22	115.72
16.41	85.71	61.43	132.99	121.18
16.42	85.14	66.70	132.11	124.90
16.43	84.58	73.81	130.74	127.24
16.44	83.90	82.63	129.37	128.23
16.45	83.23	92.49	128.02	128.37
16.46	82.48	102.74	126.65	127.96
16.47	81.68	112.52	125.40	127.24
16.48	80.82	121.19	124.35	126.36
16.49	80.07	128.10	123.25	125.37
16.50	79.17	133.24	122.29	124.35
16.51	78.37	136.41	121.27	123.34
16.52	77.57	138.09	120.29	122.22
16.53	76.90	138.53	119.26	121.22
16.54	76.25	138.43	118.29	120.17
16.55	75.70	137.82	117.21	119.19
16.56	75.16	137.18	116.04	118.19
16.57	74.74	136.38	114.74	117.19
16.58	74.30	135.80	113.28	116.16
16.59	73.96	135.06	111.52	114.97
16.60	73.51	134.46	109.33	113.62
16.61	73.19	133.71	106.55	112.09
16.62	72.75	133.11	103.28	110.21
16.63	72.43	132.44	99.25	107.83
16.64	71.99	131.73	95.07	104.86
16.65	71.62	130.97	90.95	101.39
16.66	71.26	130.22	87.35	97.48
16.67	70.90	129.35	84.44	93.31
16.68	70.50	128.30	82.47	89.49
16.69	70.22	127.05	81.39	86.16
16.70	69.97	125.48	81.04	83.70
16.71	69.62	123.54	81.12	82.17
16.72	69.30	121.20	81.48	81.20
16.73	69.03	118.25	81.80	80.80
16.74	68.71	114.59	81.97	80.72
16.75	68.36	110.37	82.00	80.73
16.76	68.03	105.80	81.84	80.70
16.77	67.74	101.00	81.50	80.55
16.78	67.50	96.72	81.15	80.27
16.79	67.17	92.95	80.60	79.98
16.80	66.88	90.23	80.18	79.50
16.81	66.78	88.33	79.53	79.07
16.82	66.57	87.33	79.07	78.56
16.83	66.48	86.73	78.45	78.22
16.84	66.34	86.56	77.82	77.73
16.85	66.30	86.54	77.08	77.34
16.86	66.15	86.57	76.38	76.80
16.87	66.08	86.43	75.61	76.19
16.88	65.91	86.25	75.00	75.59
16.89	65.64	85.91	74.28	74.98
16.90	65.35	85.52	73.69	74.29
16.91	65.02	85.05	73.11	73.66
16.92	64.64	84.60	72.53	72.99
16.93	64.40	84.04	71.96	72.48
16.94	64.00	83.51	71.59	71.77
16.95	63.74	82.88	71.14	71.13
16.96	63.37	82.16	70.80	70.48
16.97	63.11	81.51	70.41	69.98
16.98	62.64	80.81	70.11	69.34
16.99	62.62	79.99	69.70	68.93
17.00	63.07	79.28	69.22	68.46
17.01	64.58	78.36	68.72	68.16
17.02	67.74	77.61	68.33	67.81
17.03	73.01	76.81	67.94	67.46
17.04	80.52	76.04	67.55	66.99
17.05	89.98	75.29	67.11	66.66
17.06	100.60	74.71	66.91	66.20
17.07	111.43	74.09	66.41	65.82
17.08	121.42	73.50	66.17	65.45
17.09	129.66	72.95	65.68	65.13
17.10	135.55	72.49	65.49	64.78
17.11	139.03	72.01	65.05	64.41
17.12	140.23	71.62	64.82	64.00
17.13	139.90	71.13	64.45	63.78
17.14	138.38	70.75	64.18	63.43
17.15	136.43	70.22	63.83	63.23
17.16	134.38	69.84	63.59	62.93
17.17	132.63	69.31	63.28	62.63
17.18	131.01	68.96	63.01	62.32
17.19	129.80	68.43	62.65	62.05
17.20	128.71	68.16	62.46	61.80
17.21	127.92	67.80	62.22	61.63
17.22	127.28	67.43	62.07	61.33
17.23	126.67	67.08	61.94	61.01
17.24	126.13	66.77	61.69	60.70
17.25	125.70	66.45	61.52	60.37
17.26	125.07	66.09	61.43	60.16
17.27	124.46	65.66	61.26	59.93
17.28	123.55	65.40	61.13	59.64
17.29	122.65	65.05	60.86	59.49
17.30	121.38	64.76	60.51	59.22
17.31	119.74	64.36	60.15	59.09
17.32	117.64	64.11	59.90	58.83
17.33	115.13	63.71	59.48	58.71
17.34	111.88	63.38	59.16	58.59
17.35	107.99	63.03	58.80	58.52
17.36	103.52	62.68	58.55	58.41
17.37	98.90	62.35	58.19	58.36
17.38	94.39	62.12	58.06	58.30
17.39	90.70	61.83	58.19	58.21
17.40	87.92	61.63	59.05	58.13
17.41	86.27	61.34	60.97	57.90
17.42	85.54	61.06	64.72	57.75
17.43	85.67	60.85	70.45	57.49
17.44	86.17	60.65	78.25	57.23
17.45	86.87	60.33	87.56	57.06
17.46	87.49	60.15	97.66	56.75
17.47	87.83	59.94	107.66	56.49
17.48	88.03	59.70	116.74	56.19
17.49	87.97	59.46	124.11	55.86
17.50	87.63	59.32	129.33	55.53
17.51	87.19	59.09	132.56	55.39
17.52	86.56	58.97	133.87	55.50
17.53	85.90	58.71	133.87	56.31
17.54	85.11	58.48	133.11	58.17
17.55	84.41	58.21	131.79	61.63
17.56	83.57	58.02	130.35	66.87
17.57	82.70	57.81	128.93	73.80
17.58	81.78	57.76	127.55	82.22
17.59	80.96	57.53	126.28	91.46
17.60	80.07	57.52	125.07	100.68
17.61	79.21	57.42	123.88	109.22
17.62	78.35	57.40	122.88	116.42
17.63	77.61	57.33	121.66	122.04
17.64	76.85	57.28	120.72	125.92
17.65	76.25	57.26	119.61	128.38
17.66	75.61	57.18	118.66	129.49
17.67	75.14	56.93	117.64	129.72
17.68	74.65	56.75	116.51	129.39
17.69	74.23	56.50	115.23	128.70
17.70	73.83	56.35	113.70	127.94
17.71	73.54	56.10	111.94	127.14
17.72	73.11	55.93	109.81	126.20
17.73	72.83	55.64	106.99	125.34
17.74	72.41	55.47	103.72	124.33
17.75	72.07	55.17	99.69	123.38
17.76	71.69	54.93	95.52	122.37
17.77	71.29	54.68	91.26	121.36
17.78	70.86	54.75	87.57	120.39
17.79	70.56	54.97	84.52	119.44
17.80	70.09	56.05	82.44	118.41
17.81	69.76	58.22	81.26	117.27
17.82	69.38	62.33	80.87	115.95
17.83	69.03	68.71	80.81	114.53
17.84	68.65	77.25	81.17	112.77
17.85	68.40	87.37	81.41	110.70
17.86	68.05	98.18	81.70	108.16
17.87	67.74	108.47	81.64	105.10
17.88	67.40	117.40	81.61	101.37
17.89	67.17	124.41	81.31	97.36
17.90	66.71	129.48	81.07	93.25
17.91	66.37	132.68	80.47	89.58
17.92	66.08	134.37	80.05	86.50
17.93	65.75	134.89	79.50	84.26
17.94	65.43	134.95	78.97	82.79
17.95	65.28	134.87	78.26	82.06
17.96	65.07	134.89	77.64	81.65
17.97	64.98	134.69	76.94	81.64
17.98	64.85	134.29	76.30	81.67
17.99	64.80	133.35	75.53	81.63
18.00	64.70	132.12	74.87	81.42
18.01	64.62	130.82	74.21	81.09
18.02	64.40	129.78	73.58	80.73
18.03	64.33	129.03	72.94	80.34
18.04	64.08	128.68	72.29	80.01
18.05	63.77	128.29	71.71	79.55
18.06	63.40	127.86	71.18	79.18
18.07	63.07	127.11	70.57	78.75
18.08	62.62	126.21	70.02	78.21
18.09	62.34	125.26	69.45	77.73
18.10	61.87	124.16	69.03	77.03
18.11	61.53	122.55	68.63	76.49
18.12	61.17	120.36	68.21	75.76
18.13	60.87	117.25	67.74	75.05
18.14	60.70	113.50	67.36	74.36
18.15	61.12	108.85	66.99	73.73
18.16	62.32	104.02	66.66	73.01
18.17	65.10	99.23	66.31	72.40
18.18	69.82	95.04	66.04	71.80
18.19	76.69	91.57	65.68	71.28
18.20	85.54	89.22	65.36	70.68
18.21	95.86	87.71	64.97	70.22
18.22	106.52	86.91	64.69	69.70
18.23	116.68	86.57	64.39	69.38
18.24	125.23	86.46	63.97	68.88
18.25	131.56	86.35	63.59	68.57
18.26	135.40	86.29	63.26	68.03
18.27	136.96	86.07	62.92	67.76
18.28	136.71	85.88	62.62	67.28
18.29	135.32	85.42	62.32	66.99
18.30	133.29	85.00	62.09	66.60
18.31	131.21	84.48	61.81	66.24
18.32	129.12	84.09	61.62	65.93
18.33	127.41	83.40	61.39	65.65
18.34	125.98	82.92	61.27	65.26
18.35	124.67	82.16	61.04	64.96
18.36	123.69	81.37	60.87	64.63
18.37	122.83	80.49	60.71	64.38
18.38	121.91	79.56	60.62	64.08
18.39	121.19	78.57	60.49	63.85
18.40	120.45	77.68	60.31	63.47
18.41	119.79	76.72	60.15	63.19
18.42	119.00	75.82	59.96	62.91
18.43	118.18	74.87	59.75	62.73
18.44	117.11	74.23	59.46	62.41
18.45	115.85	73.68	59.21	62.21
18.46	114.03	73.17	58.89	61.94
18.47	111.76	72.73	58.61	61.70
18.48	108.64	72.43	58.23	61.39
18.49	104.94	72.09	57.93	61.19
18.50	100.61	71.71	57.58	60.86
18.51	96.06	71.16	57.29	60.61
18.52	91.82	70.53	57.03	60.31
18.53	88.22	69.79	56.96	60.12
18.54	85.59	69.11	57.23	59.88
18.55	84.13	68.51	58.25	59.71
18.56	83.58	68.04	60.65	59.57
18.57	83.76	67.52	64.70	59.33
18.58	84.39	67.23	70.79	59.29
18.59	85.15	66.93	78.63	59.19
18.60	85.65	66.82	87.83	59.19
18.61	86.11	66.53	97.49	59.10
18.62	86.15	66.30	106.91	59.13
18.63	86.00	65.96	115.02	59.05
18.64	85.69	65.68	121.37	58.91
18.65	85.19	65.33	125.51	58.81
18.66	84.56	65.06	127.84	58.62
18.67	83.90	64.85	128.49	58.39
18.68	83.15	64.87	128.04	58.22
18.69	82.39	64.78	126.83	57.99
18.70	81.59	64.64	125.32	57.72
18.71	80.82	64.33	123.61	57.42
18.72	79.97	64.21	121.96	57.12
18.73	79.28	63.91	120.46	56.79
18.74	78.39	63.56	119.04	56.61
18.75	77.69	63.20	117.62	56.57
18.76	76.99	62.78	116.26	57.05
18.77	76.31	62.29	114.96	58.52
18.78	75.73	61.95	113.73	61.37
18.79	75.24	61.41	112.49	66.07
18.80	74.73	61.03	111.28	72.71
18.81	74.22	60.59	110.10	80.95
18.82	73.82	60.32	108.88	90.21
18.83	73.43	59.89	107.41	99.77
18.84	72.99	59.69	105.83	108.80
18.85	72.68	59.60	103.74	116.81
18.86	72.22	59.65	101.20	123.05
18.87	71.98	59.66	97.98	127.71
18.88	71.60	59.81	94.30	130.65
18.89	71.28	59.86	90.32	132.28
18.90	70.94	60.10	86.76	132.82
18.91	70.56	60.22	83.59	132.77
18.92	70.12	60.09	81.20	132.21
18.93	69.76	59.68	79.70	131.67
18.94	69.25	59.21	79.00	130.88
18.95	68.72	58.72	78.83	130.21
18.96	68.18	58.18	79.06	129.51
18.97	67.79	57.55	79.24	128.81
18.98	67.27	57.03	79.49	127.96
18.99	66.91	56.40	79.47	127.08
19.00	66.56	55.78	79.46	126.09
19.01	66.27		79.09	125.15
19.02	65.98		78.81	124.20
19.03	65.81		78.36	123.12
19.04	65.63		77.87	122.10
19.05	65.51			121.00
19.06	65.32			119.71
19.07	65.27			118.25
19.08	65.19			116.46
19.09	65.14			114.31
19.10	64.93			111.64
19.11	64.80			108.57
19.12	64.66			104.95
19.13	64.50			100.87
19.14	64.25			96.70
19.15	64.07			92.67
19.16	63.79			89.27
19.17	63.49			86.56
19.18	63.04			84.72
19.19	62.70			83.64
19.20	62.19			83.08
19.21	61.74			82.77
19.22	61.26			82.68
19.23	60.86			82.61
19.24	60.42			82.44
19.25	60.20			82.27
19.26	60.06			81.97
19.27	60.51			81.56
19.28	61.67			81.16
19.29	64.36			80.70
19.30	69.04			80.26
19.31	75.73			79.69
19.32	84.41			79.17
19.33	94.46			78.60
19.34	105.02			77.97
19.35	115.04			77.37
19.36	123.49			76.65
19.37	129.85			75.90
19.38	133.75			75.12
19.39	135.29			74.38
19.40	134.94			73.70
19.41	133.48			73.04
19.42	131.34			72.37
19.43	129.01			71.81
19.44	126.77			71.23
19.45	124.85			70.75
19.46	123.14			70.29
19.47	121.77			69.82
19.48	120.61			69.29
19.49	119.70			68.93
19.50	118.85			68.45
19.51	118.13			68.11
19.52	117.38			67.63
19.53	116.77			67.32
19.54	116.06			66.83
19.55	115.20			66.44
19.56	114.09			66.08
19.57	112.62			65.68
19.58	110.68			65.37
19.59	108.13			65.00
19.60	104.70			64.63
19.61	100.84			64.31
19.62	96.43			64.01
19.63	92.24			63.69
19.64	88.43			63.36
19.65	85.62			63.06
19.66	83.73			62.78
19.67	82.92			62.42
19.68	82.83			62.07
19.69	83.29			61.82
19.70	83.82			61.58
19.71	84.37			61.32
19.72	84.70			61.04
19.73	84.68			60.76
19.74	84.42			60.45
19.75	84.12			60.24
19.76	83.67			59.94
19.77	83.12			59.78
19.78	82.60			59.49
19.79	82.19			59.38
19.80	81.60			59.21
19.81	81.08			59.09
19.82	80.50			58.99
19.83	79.84			58.97
19.84	79.06			58.85
19.85	78.35			58.80
19.86	77.57			58.64
19.87	76.77			58.52
19.88	75.90			58.25
19.89	75.23			57.98
19.90	74.61			57.69
19.91	74.10			57.42
19.92	73.58			57.06
19.93	73.17			56.72
19.94	72.66			56.38
19.95	72.30			56.13
19.96	71.82			55.86
19.97	71.38			55.97
19.98	70.96			56.47
19.99	70.60			58.01
20.00	70.07			60.84